{
    "w": 4032,
    "h": 3024,
    "fl_x": 3342.3186052848214,
    "fl_y": 3321.1924640511666,
    "cx": 1974.32356786424,
    "cy": 1470.6002426833568,
    "k1": 0.005693864829209792,
    "k2": 0.014937746981682203,
    "p1": -0.0010867693388684257,
    "p2": 0.00040149751376949294,
    "camera_model": "OPENCV",
    "frames": [
        {
            "file_path": "images/frame_train_00067.JPG",
            "transform_matrix": [
                [
                    0.2655296936917114,
                    0.8626031432775344,
                    -0.4305923814650031,
                    -1.4083786923131976
                ],
                [
                    -0.732968436481675,
                    -0.10951746131000142,
                    -0.6713890055622157,
                    -0.8915837339717076
                ],
                [
                    -0.62629965103742,
                    0.49388434159824235,
                    0.6031807392767745,
                    0.6149800331718042
                ],
                [
                    0.0,
                    0.0,
                    0.0,
                    1.0
                ]
            ],
            "colmap_im_id": 77
        },
        {
            "file_path": "images/frame_train_00066.JPG",
            "transform_matrix": [
                [
                    0.38601352753788293,
                    0.8036247328858546,
                    -0.45296892305311554,
                    -1.5573740362977997
                ],
                [
                    -0.6618992385660422,
                    -0.10074317860353228,
                    -0.7427921714386536,
                    -1.2723584136349408
                ],
                [
                    -0.6425596894790816,
                    0.5865476115874958,
                    0.49303036904185765,
                    0.027599878579624197
                ],
                [
                    0.0,
                    0.0,
                    0.0,
                    1.0
                ]
            ],
            "colmap_im_id": 76
        },
        {
            "file_path": "images/frame_train_00065.JPG",
            "transform_matrix": [
                [
                    0.41498533735763043,
                    0.7479087027920521,
                    -0.5180924068793943,
                    -1.940140688726135
                ],
                [
                    -0.673883458593193,
                    -0.1299218869612599,
                    -0.7273248156930315,
                    -1.4207125657202881
                ],
                [
                    -0.6112841025355152,
                    0.650963037027707,
                    0.45008762525869794,
                    -0.34871353049093934
                ],
                [
                    0.0,
                    0.0,
                    0.0,
                    1.0
                ]
            ],
            "colmap_im_id": 75
        },
        {
            "file_path": "images/frame_train_00064.JPG",
            "transform_matrix": [
                [
                    0.2415141976103174,
                    0.7777283650261185,
                    -0.5803528948721158,
                    -2.4882698937479053
                ],
                [
                    -0.7144160679218478,
                    -0.26223448377226044,
                    -0.6487239454619983,
                    -0.863756804379531
                ],
                [
                    -0.6567195552499789,
                    0.5712894763204525,
                    0.4922882895192339,
                    -0.27073912795107224
                ],
                [
                    0.0,
                    0.0,
                    0.0,
                    1.0
                ]
            ],
            "colmap_im_id": 74
        },
        {
            "file_path": "images/frame_train_00063.JPG",
            "transform_matrix": [
                [
                    -0.10616050492926807,
                    0.7888865251549778,
                    -0.6052999236924348,
                    -2.6227343442751376
                ],
                [
                    -0.7115397554005464,
                    -0.4854910734692524,
                    -0.5079464480299115,
                    -0.05862576053509213
                ],
                [
                    -0.6945798180754273,
                    0.3767711082482008,
                    0.612864102645708,
                    0.36213070908041534
                ],
                [
                    0.0,
                    0.0,
                    0.0,
                    1.0
                ]
            ],
            "colmap_im_id": 73
        },
        {
            "file_path": "images/frame_train_00062.JPG",
            "transform_matrix": [
                [
                    -0.17810799564023796,
                    0.7796070835821881,
                    -0.6004084752212385,
                    -2.4430314033685634
                ],
                [
                    -0.6827434898660872,
                    -0.5373065205487453,
                    -0.4951394046339644,
                    0.20257692068176023
                ],
                [
                    -0.7086175759424073,
                    0.32173669079586836,
                    0.6279702483885927,
                    0.5810415343417631
                ],
                [
                    0.0,
                    0.0,
                    0.0,
                    1.0
                ]
            ],
            "colmap_im_id": 72
        },
        {
            "file_path": "images/frame_train_00061.JPG",
            "transform_matrix": [
                [
                    -0.46211864492410243,
                    0.7200777907077593,
                    -0.5176237372290251,
                    -2.214209027381499
                ],
                [
                    -0.6194330645597584,
                    -0.6797926079395701,
                    -0.392663582116834,
                    0.5147507803813118
                ],
                [
                    -0.6346251149644305,
                    0.13917609536177508,
                    0.760184831429984,
                    1.2251935505207134
                ],
                [
                    0.0,
                    0.0,
                    0.0,
                    1.0
                ]
            ],
            "colmap_im_id": 71
        },
        {
            "file_path": "images/frame_train_00060.JPG",
            "transform_matrix": [
                [
                    -0.5734888960982759,
                    0.6686217405251207,
                    -0.4733449631602069,
                    -1.8893326660208052
                ],
                [
                    -0.5633905318634179,
                    -0.7413713297322633,
                    -0.3646363394639515,
                    0.7244753421824731
                ],
                [
                    -0.5947281687112478,
                    0.0575631787532019,
                    0.8018633834969595,
                    1.4593671668489685
                ],
                [
                    0.0,
                    0.0,
                    0.0,
                    1.0
                ]
            ],
            "colmap_im_id": 70
        },
        {
            "file_path": "images/frame_train_00059.JPG",
            "transform_matrix": [
                [
                    -0.7135443443472155,
                    0.5694699310811546,
                    -0.4081157510370369,
                    -1.5794534891931473
                ],
                [
                    -0.47272428897223384,
                    -0.821265756008276,
                    -0.3194593943271189,
                    0.9767095179032306
                ],
                [
                    -0.5170940100850093,
                    -0.0350222158433491,
                    0.8552118036671525,
                    1.663856137081137
                ],
                [
                    0.0,
                    0.0,
                    0.0,
                    1.0
                ]
            ],
            "colmap_im_id": 69
        },
        {
            "file_path": "images/frame_train_00058.JPG",
            "transform_matrix": [
                [
                    -0.8125370247250185,
                    0.47089320977910715,
                    -0.34357410908702846,
                    -1.1423455328820515
                ],
                [
                    -0.38248013537266323,
                    -0.8754822364326337,
                    -0.2953638429737523,
                    1.1846228325618346
                ],
                [
                    -0.4398778574744639,
                    -0.10858378642709182,
                    0.8914690302129578,
                    1.6717144173796532
                ],
                [
                    0.0,
                    0.0,
                    0.0,
                    1.0
                ]
            ],
            "colmap_im_id": 68
        },
        {
            "file_path": "images/frame_train_00057.JPG",
            "transform_matrix": [
                [
                    -0.9959491694672622,
                    0.02911611572568097,
                    -0.08507351904393179,
                    -0.18033554904711888
                ],
                [
                    -0.008449465028955811,
                    -0.9722410521240005,
                    -0.23382887568805652,
                    1.41110487353334
                ],
                [
                    -0.08952015626770277,
                    -0.2321628488149311,
                    0.9685486839864791,
                    2.343252757877816
                ],
                [
                    0.0,
                    0.0,
                    0.0,
                    1.0
                ]
            ],
            "colmap_im_id": 67
        },
        {
            "file_path": "images/frame_train_00056.JPG",
            "transform_matrix": [
                [
                    -0.9590462937647068,
                    -0.2635381065813729,
                    0.1038165343078229,
                    0.6372847660484845
                ],
                [
                    0.23607852556166092,
                    -0.9462350432172356,
                    -0.22114740051899728,
                    1.3962371625725771
                ],
                [
                    0.15651561003559558,
                    -0.18758174049513224,
                    0.969698898858818,
                    2.3293298846658352
                ],
                [
                    0.0,
                    0.0,
                    0.0,
                    1.0
                ]
            ],
            "colmap_im_id": 66
        },
        {
            "file_path": "images/frame_train_00055.JPG",
            "transform_matrix": [
                [
                    -0.8984445039134142,
                    -0.41122732865236195,
                    0.15391412396924545,
                    1.032068195794597
                ],
                [
                    0.3697377921694435,
                    -0.8976134338284785,
                    -0.239966848652709,
                    1.2598550036879885
                ],
                [
                    0.23683631146731574,
                    -0.1586890279133652,
                    0.9585021408377068,
                    2.2284201267696004
                ],
                [
                    0.0,
                    0.0,
                    0.0,
                    1.0
                ]
            ],
            "colmap_im_id": 65
        },
        {
            "file_path": "images/frame_train_00054.JPG",
            "transform_matrix": [
                [
                    -0.5975076418184857,
                    -0.6993205142529175,
                    0.3923460670295415,
                    2.3920828696217002
                ],
                [
                    0.5913432236035103,
                    -0.7147529454099821,
                    -0.37341855728654477,
                    0.524950701592118
                ],
                [
                    0.5415697645425964,
                    0.008890746469862536,
                    0.8406087941251189,
                    1.6755101960934373
                ],
                [
                    0.0,
                    0.0,
                    0.0,
                    1.0
                ]
            ],
            "colmap_im_id": 64
        },
        {
            "file_path": "images/frame_train_00053.JPG",
            "transform_matrix": [
                [
                    -0.4284062989547071,
                    -0.7867342073284297,
                    0.4444292182510494,
                    2.7464500415274364
                ],
                [
                    0.6606068754877966,
                    -0.6082794915470634,
                    -0.43999388202734935,
                    0.15854737709286917
                ],
                [
                    0.6164954169125525,
                    0.1050968466822587,
                    0.7803127922463301,
                    1.317305097128905
                ],
                [
                    0.0,
                    0.0,
                    0.0,
                    1.0
                ]
            ],
            "colmap_im_id": 63
        },
        {
            "file_path": "images/frame_train_00052.JPG",
            "transform_matrix": [
                [
                    -0.2541785706482427,
                    -0.8362972835870063,
                    0.4857984228959687,
                    2.9870451346230324
                ],
                [
                    0.7023508090538653,
                    -0.504928752492509,
                    -0.501747243069396,
                    -0.1640051214878589
                ],
                [
                    0.6649034480618948,
                    0.21366751828799999,
                    0.71571614232463,
                    0.9729399070838474
                ],
                [
                    0.0,
                    0.0,
                    0.0,
                    1.0
                ]
            ],
            "colmap_im_id": 62
        },
        {
            "file_path": "images/frame_train_00051.JPG",
            "transform_matrix": [
                [
                    -0.1536081551988251,
                    -0.8559932403856745,
                    0.4936396530572138,
                    3.043212174132719
                ],
                [
                    0.7200573252068037,
                    -0.4390845959611871,
                    -0.5373287317886738,
                    -0.40333635965082876
                ],
                [
                    0.6766993298891593,
                    0.2729107729710094,
                    0.6838111778290329,
                    0.7519820547435323
                ],
                [
                    0.0,
                    0.0,
                    0.0,
                    1.0
                ]
            ],
            "colmap_im_id": 61
        },
        {
            "file_path": "images/frame_train_00050.JPG",
            "transform_matrix": [
                [
                    0.2015996280796002,
                    -0.8454962243943968,
                    0.4944630668644384,
                    2.9941500580790255
                ],
                [
                    0.721580642946795,
                    -0.21316586244549707,
                    -0.6586969643260527,
                    -1.3345047678829143
                ],
                [
                    0.6623284424533318,
                    0.4895880407267797,
                    0.5671195506193173,
                    -0.010956851766597773
                ],
                [
                    0.0,
                    0.0,
                    0.0,
                    1.0
                ]
            ],
            "colmap_im_id": 60
        },
        {
            "file_path": "images/frame_train_00019.JPG",
            "transform_matrix": [
                [
                    -0.8137960927679514,
                    0.34436794898380896,
                    -0.46813100207986647,
                    -1.8541854022741204
                ],
                [
                    -0.39923991127898717,
                    -0.9166339828941632,
                    0.019739165269306334,
                    2.84332320609938
                ],
                [
                    -0.42230724909426026,
                    0.20296023530797191,
                    0.8834385831772185,
                    1.5146864072984134
                ],
                [
                    0.0,
                    0.0,
                    0.0,
                    1.0
                ]
            ],
            "colmap_im_id": 29
        },
        {
            "file_path": "images/frame_train_00018.JPG",
            "transform_matrix": [
                [
                    -0.868597495760068,
                    0.2803520980408946,
                    -0.4085842526130994,
                    -1.4399712311355894
                ],
                [
                    -0.3250654893634388,
                    -0.9447214929360181,
                    0.04282205517776735,
                    3.0663842100581458
                ],
                [
                    -0.3739930721072845,
                    0.17001176991258146,
                    0.9117155148986696,
                    1.7455673193376713
                ],
                [
                    0.0,
                    0.0,
                    0.0,
                    1.0
                ]
            ],
            "colmap_im_id": 28
        },
        {
            "file_path": "images/frame_train_00017.JPG",
            "transform_matrix": [
                [
                    -0.9267949260625217,
                    0.2107344842698756,
                    -0.3108731930615307,
                    -1.050311220732833
                ],
                [
                    -0.24597013636451795,
                    -0.9661013708190697,
                    0.07840174308223836,
                    3.0987972988300543
                ],
                [
                    -0.28381306707335135,
                    0.14912785937249537,
                    0.9472122383697296,
                    1.727472112565561
                ],
                [
                    0.0,
                    0.0,
                    0.0,
                    1.0
                ]
            ],
            "colmap_im_id": 27
        },
        {
            "file_path": "images/frame_train_00016.JPG",
            "transform_matrix": [
                [
                    -0.9541997230588324,
                    0.1746183254719228,
                    -0.2429224751311189,
                    -0.7318152764035674
                ],
                [
                    -0.20191605127182172,
                    -0.9750497735696024,
                    0.09223799271808683,
                    3.2976566783110055
                ],
                [
                    -0.22075506053824112,
                    0.13706341405075412,
                    0.9656504666676803,
                    1.9224293129182397
                ],
                [
                    0.0,
                    0.0,
                    0.0,
                    1.0
                ]
            ],
            "colmap_im_id": 26
        },
        {
            "file_path": "images/frame_train_00015.JPG",
            "transform_matrix": [
                [
                    -0.9787195230599405,
                    0.10798638335615603,
                    -0.1744907911351755,
                    -0.38797831364953095
                ],
                [
                    -0.1285809224333414,
                    -0.9854262762505595,
                    0.11136426923006582,
                    3.4366179095957383
                ],
                [
                    -0.15992198587909406,
                    0.13143057134705352,
                    0.978340923884856,
                    2.0227081683754062
                ],
                [
                    0.0,
                    0.0,
                    0.0,
                    1.0
                ]
            ],
            "colmap_im_id": 25
        },
        {
            "file_path": "images/frame_train_00014.JPG",
            "transform_matrix": [
                [
                    -0.9985654057048068,
                    -0.046823380416041595,
                    -0.025975018306247846,
                    0.2502172610377859
                ],
                [
                    0.042131007743623966,
                    -0.9864512018364476,
                    0.15855284476140694,
                    3.6954893791589787
                ],
                [
                    -0.033047068192230855,
                    0.15723103205742395,
                    0.9870087607726974,
                    2.4694155179819424
                ],
                [
                    0.0,
                    0.0,
                    0.0,
                    1.0
                ]
            ],
            "colmap_im_id": 24
        },
        {
            "file_path": "images/frame_train_00013.JPG",
            "transform_matrix": [
                [
                    -0.9784433624410633,
                    -0.1508344349383178,
                    0.1410587102303986,
                    1.095826267663353
                ],
                [
                    0.16355750894681043,
                    -0.9830042940467478,
                    0.08337565083865212,
                    3.287975234270168
                ],
                [
                    0.1260853986873151,
                    0.1046495634128171,
                    0.986484131203015,
                    2.02138519153865
                ],
                [
                    0.0,
                    0.0,
                    0.0,
                    1.0
                ]
            ],
            "colmap_im_id": 23
        },
        {
            "file_path": "images/frame_train_00012.JPG",
            "transform_matrix": [
                [
                    -0.9461100091633698,
                    -0.23625411801435364,
                    0.22149456490430747,
                    1.5349453460737206
                ],
                [
                    0.2579567473546519,
                    -0.9632892459759778,
                    0.07437839122514746,
                    3.1997897330619
                ],
                [
                    0.19579113119622382,
                    0.12750615792302972,
                    0.9723209411694322,
                    2.0251077389488916
                ],
                [
                    0.0,
                    0.0,
                    0.0,
                    1.0
                ]
            ],
            "colmap_im_id": 22
        },
        {
            "file_path": "images/frame_train_00011.JPG",
            "transform_matrix": [
                [
                    -0.9179007727196671,
                    -0.2917773911922538,
                    0.26893145117237804,
                    1.947435212359307
                ],
                [
                    0.31731480178332533,
                    -0.946668235471832,
                    0.055951483607293316,
                    3.0759919586859845
                ],
                [
                    0.23826348442396206,
                    0.13669384016001124,
                    0.961532789899784,
                    1.981076756342013
                ],
                [
                    0.0,
                    0.0,
                    0.0,
                    1.0
                ]
            ],
            "colmap_im_id": 21
        },
        {
            "file_path": "images/frame_train_00010.JPG",
            "transform_matrix": [
                [
                    -0.8626580196435132,
                    -0.3756146929416952,
                    0.33872517413243547,
                    2.376830016484515
                ],
                [
                    0.4081919810807501,
                    -0.912475011040121,
                    0.02772473279770334,
                    2.8378912808749286
                ],
                [
                    0.29866444000936104,
                    0.16218186296145273,
                    0.9404767916329714,
                    1.9783813693704135
                ],
                [
                    0.0,
                    0.0,
                    0.0,
                    1.0
                ]
            ],
            "colmap_im_id": 20
        },
        {
            "file_path": "images/frame_train_00009.JPG",
            "transform_matrix": [
                [
                    -0.7983073961896544,
                    -0.44520182045151324,
                    0.4055867851096119,
                    2.761352413878221
                ],
                [
                    0.4800353336096899,
                    -0.8770667174607623,
                    -0.017889986272653657,
                    2.542796296816449
                ],
                [
                    0.3636913247179889,
                    0.1804142793385846,
                    0.913881451904793,
                    1.7776812647419986
                ],
                [
                    0.0,
                    0.0,
                    0.0,
                    1.0
                ]
            ],
            "colmap_im_id": 19
        },
        {
            "file_path": "images/frame_train_00008.JPG",
            "transform_matrix": [
                [
                    -0.7333840748617191,
                    -0.4913175499947892,
                    0.4698455744245524,
                    3.0664710829652235
                ],
                [
                    0.5279209889268033,
                    -0.847047602405769,
                    -0.06172348588004447,
                    2.3304605322620784
                ],
                [
                    0.4283073991769997,
                    0.20277431870371526,
                    0.8805880691245356,
                    1.5559938873952186
                ],
                [
                    0.0,
                    0.0,
                    0.0,
                    1.0
                ]
            ],
            "colmap_im_id": 18
        },
        {
            "file_path": "images/frame_train_00007.JPG",
            "transform_matrix": [
                [
                    -0.5507007831740222,
                    -0.5974464642682868,
                    0.5829119742678487,
                    3.4160708508590742
                ],
                [
                    0.6518499147633093,
                    -0.7440158730506431,
                    -0.14673809754714617,
                    1.7810126747591664
                ],
                [
                    0.5213639189995648,
                    0.29916233550033,
                    0.7991755507918163,
                    1.0482751636835685
                ],
                [
                    0.0,
                    0.0,
                    0.0,
                    1.0
                ]
            ],
            "colmap_im_id": 17
        },
        {
            "file_path": "images/frame_train_00006.JPG",
            "transform_matrix": [
                [
                    -0.45949522897513095,
                    -0.5886405314214816,
                    0.6651063518843654,
                    3.763004651117319
                ],
                [
                    0.673731071941427,
                    -0.7189563028894618,
                    -0.17084577031982065,
                    1.8983502442255826
                ],
                [
                    0.5787491488112524,
                    0.3695999990575657,
                    0.7269424072420722,
                    0.6492044106388876
                ],
                [
                    0.0,
                    0.0,
                    0.0,
                    1.0
                ]
            ],
            "colmap_im_id": 16
        },
        {
            "file_path": "images/frame_train_00005.JPG",
            "transform_matrix": [
                [
                    -0.30846593146689194,
                    -0.6326183051711702,
                    0.7103821852261066,
                    4.1279396735787355
                ],
                [
                    0.690234662228341,
                    -0.6627273238350759,
                    -0.29046274339564787,
                    1.2436237645366235
                ],
                [
                    0.6545417329573341,
                    0.40073254697460553,
                    0.6410838834446357,
                    0.29073702487834124
                ],
                [
                    0.0,
                    0.0,
                    0.0,
                    1.0
                ]
            ],
            "colmap_im_id": 15
        },
        {
            "file_path": "images/frame_train_00004.JPG",
            "transform_matrix": [
                [
                    -0.2439740364380445,
                    -0.6458347418393631,
                    0.7234460282408163,
                    4.238668914288947
                ],
                [
                    0.7049224409822736,
                    -0.6304146093622497,
                    -0.3250565681573528,
                    0.9935118664685841
                ],
                [
                    0.6660037700671986,
                    0.4306679771423989,
                    0.609068199564181,
                    0.07645631242837733
                ],
                [
                    0.0,
                    0.0,
                    0.0,
                    1.0
                ]
            ],
            "colmap_im_id": 14
        },
        {
            "file_path": "images/frame_eval_00001.JPG",
            "transform_matrix": [
                [
                    0.05914383981045564,
                    -0.673117681031822,
                    0.7371665983309452,
                    4.299152807964429
                ],
                [
                    0.726418482605789,
                    -0.47749116543060716,
                    -0.49428572209241883,
                    0.03921038700310046
                ],
                [
                    0.684702997175548,
                    0.5647253973552654,
                    0.460724463471128,
                    -0.6735402631845067
                ],
                [
                    0.0,
                    0.0,
                    0.0,
                    1.0
                ]
            ],
            "colmap_im_id": 1
        },
        {
            "file_path": "images/frame_eval_00002.JPG",
            "transform_matrix": [
                [
                    -0.656679023378139,
                    -0.5325257924084736,
                    0.5340308424378327,
                    3.268591969340777
                ],
                [
                    0.5764012775294576,
                    -0.8110295279253356,
                    -0.09996335376335162,
                    2.0150352458260157
                ],
                [
                    0.48634784621456206,
                    0.24217222229837765,
                    0.8395346253904731,
                    1.2883994809707193
                ],
                [
                    0.0,
                    0.0,
                    0.0,
                    1.0
                ]
            ],
            "colmap_im_id": 2
        },
        {
            "file_path": "images/frame_eval_00003.JPG",
            "transform_matrix": [
                [
                    -0.9901421903449834,
                    0.059908792740127066,
                    -0.12660718562252807,
                    -0.13178060297009545
                ],
                [
                    -0.07954829210623825,
                    -0.9845076617570486,
                    0.1562585458931717,
                    3.662560102632654
                ],
                [
                    -0.1152844834390881,
                    0.16478956427543795,
                    0.9795682147681667,
                    2.2068437386755817
                ],
                [
                    0.0,
                    0.0,
                    0.0,
                    1.0
                ]
            ],
            "colmap_im_id": 3
        },
        {
            "file_path": "images/frame_eval_00004.JPG",
            "transform_matrix": [
                [
                    -0.5422893862852097,
                    0.49915095568908985,
                    -0.6758480191264004,
                    -2.8313135754386067
                ],
                [
                    -0.5737310627984092,
                    -0.8076497912406978,
                    -0.13614140549100182,
                    2.029542474184806
                ],
                [
                    -0.6138036242175657,
                    0.3139269630718676,
                    0.7243583179296387,
                    0.9121604085730556
                ],
                [
                    0.0,
                    0.0,
                    0.0,
                    1.0
                ]
            ],
            "colmap_im_id": 4
        },
        {
            "file_path": "images/frame_eval_00005.JPG",
            "transform_matrix": [
                [
                    0.3434887715325391,
                    0.6006522650385872,
                    -0.7219642098712948,
                    -3.5805784964384992
                ],
                [
                    -0.6983847048891019,
                    -0.35060790198862163,
                    -0.6239654662239731,
                    -0.7152882510027074
                ],
                [
                    -0.627912627527135,
                    0.7185338931234577,
                    0.2990564773162711,
                    -1.4032184977167246
                ],
                [
                    0.0,
                    0.0,
                    0.0,
                    1.0
                ]
            ],
            "colmap_im_id": 5
        },
        {
            "file_path": "images/frame_eval_00006.JPG",
            "transform_matrix": [
                [
                    0.9347112535745924,
                    0.22911341762643148,
                    -0.2717018849852726,
                    -1.206351731885499
                ],
                [
                    -0.2733756143203191,
                    -0.02503666968671157,
                    -0.9615814779133313,
                    -2.8047082655274593
                ],
                [
                    -0.22711372907863148,
                    0.9730776983543168,
                    0.0392319643844544,
                    -2.869115063953899
                ],
                [
                    0.0,
                    0.0,
                    0.0,
                    1.0
                ]
            ],
            "colmap_im_id": 6
        },
        {
            "file_path": "images/frame_eval_00007.JPG",
            "transform_matrix": [
                [
                    0.9158581823684501,
                    -0.3043863680349116,
                    0.26182576027441296,
                    1.6760776115738305
                ],
                [
                    0.270868259777873,
                    -0.012937835008935599,
                    -0.9625294791694373,
                    -2.661591268667353
                ],
                [
                    0.29636831077843956,
                    0.9524607873187206,
                    0.07059938375465707,
                    -2.6579637538711163
                ],
                [
                    0.0,
                    0.0,
                    0.0,
                    1.0
                ]
            ],
            "colmap_im_id": 7
        },
        {
            "file_path": "images/frame_eval_00008.JPG",
            "transform_matrix": [
                [
                    0.4813790697300711,
                    -0.7535942973760816,
                    0.4476268827808056,
                    2.7366620603160783
                ],
                [
                    0.6362021835266881,
                    -0.050886461081957796,
                    -0.7698424187809012,
                    -1.718414057437826
                ],
                [
                    0.60292700462136,
                    0.6553672276218915,
                    0.45494266018643537,
                    -0.5625171703080798
                ],
                [
                    0.0,
                    0.0,
                    0.0,
                    1.0
                ]
            ],
            "colmap_im_id": 8
        },
        {
            "file_path": "images/frame_eval_00009.JPG",
            "transform_matrix": [
                [
                    -0.9917598911087918,
                    -0.1280565439880752,
                    -0.0037202055998073395,
                    0.24345190740259223
                ],
                [
                    0.12588199287586377,
                    -0.9687036357788313,
                    -0.2139322086514166,
                    1.4252123196452948
                ],
                [
                    0.023791642597258,
                    -0.21263769085160295,
                    0.9768414252947204,
                    2.424862368330777
                ],
                [
                    0.0,
                    0.0,
                    0.0,
                    1.0
                ]
            ],
            "colmap_im_id": 9
        },
        {
            "file_path": "images/frame_eval_00010.JPG",
            "transform_matrix": [
                [
                    0.07987692374147957,
                    0.7910700597401064,
                    -0.6064881182977796,
                    -2.5980416952440013
                ],
                [
                    -0.7310604039141203,
                    -0.3671170523341592,
                    -0.5751310769854128,
                    -0.5043594415816796
                ],
                [
                    -0.6776211056944137,
                    0.4893191499096089,
                    0.5489958166044778,
                    0.09952790548655126
                ],
                [
                    0.0,
                    0.0,
                    0.0,
                    1.0
                ]
            ],
            "colmap_im_id": 10
        },
        {
            "file_path": "images/frame_train_00001.JPG",
            "transform_matrix": [
                [
                    -0.04062516098298257,
                    -0.687003030444493,
                    0.725518044196827,
                    4.2655537160577275
                ],
                [
                    0.7185477874156384,
                    -0.5246402149025507,
                    -0.4565541831010807,
                    0.29460684733515224
                ],
                [
                    0.6942900499756539,
                    0.5027717982018165,
