{"default_fov": 75.0, "default_transition_sec": 2.0, "keyframes": [{"matrix": [-0.43190401494652253, 0.5264578022102556, -0.7323258184476511, -0.7518217086791982, -0.901484146862454, -0.2772116683557232, 0.33238535449551687, 0.3831427335739145, -0.02802239869725709, 0.8037386847846659, 0.5943221952374551, -0.16057820320129418, 0.0, 0.0, 0.0, 1.0], "fov": 75.0, "aspect": 1.7777777777777777, "override_transition_enabled": false, "override_transition_sec": null}, {"matrix": [0.014809882835891464, 0.63252871424171, -0.7743953079856027, -0.8743225097656244, -0.9976425985483492, 0.06124878789736965, 0.030948853658907538, -0.043924537301062584, 0.06700681257965208, 0.7721113984658123, 0.631944677505146, -0.11927295923233079, 0.0, 0.0, 0.0, 1.0], "fov": 75.0, "aspect": 1.7777777777777777, "override_transition_enabled": false, "override_transition_sec": null}, {"matrix": [0.44811402644307746, 0.5474826589847358, -0.7067224047785499, -0.7910752773284904, -0.8869177530840938, 0.37141031245231076, -0.2746475542733621, -0.44392833709716817, 0.11211921587861484, 0.7498780686985587, 0.6520062603347334, -0.048798185586928965, 0.0, 0.0, 0.0, 1.0], "fov": 75.0, "aspect": 1.7777777777777777, "override_transition_enabled": false, "override_transition_sec": null}, {"matrix": [0.7678779111162168, 0.38954662585928984, -0.5085439409740693, -0.5407959938049315, -0.6354918190078369, 0.5632425715723504, -0.5281173672041816, -0.7397497177124022, 0.08070725861969186, 0.7287051748479684, 0.6800552231663881, -0.023635061085224764, 0.0, 0.0, 0.0, 1.0], "fov": 75.0, "aspect": 1.7777777777777777, "override_transition_enabled": false, "override_transition_sec": null}, {"matrix": [0.9774178181440993, 0.11024213207408692, -0.18028056215296162, -0.22908368110656752, -0.20374216851256147, 0.717993837297994, -0.6655629033922345, -0.9672782897949199, 0.056067259111064985, 0.6872637935449978, 0.7242409409429375, 0.05479210019111511, 0.0, 0.0, 0.0, 1.0], "fov": 75.0, "aspect": 1.7777777777777777, "override_transition_enabled": false, "override_transition_sec": null}, {"matrix": [0.9845791099720063, -0.16591307113844195, 0.05546917190784745, 0.15697910785675045, 0.1590713523696331, 0.7171193810010859, -0.6785544180446514, -0.9604748725891094, 0.07280302920914794, 0.6769140611761806, 0.7324527784915162, 0.05698153376579238, 0.0, 0.0, 0.0, 1.0], "fov": 75.0, "aspect": 1.7777777777777777, "override_transition_enabled": false, "override_transition_sec": null}, {"matrix": [0.8640407476075932, -0.3897485241505859, 0.31863721439303283, 0.46243295669555773, 0.5033567861431076, 0.6586747202328233, -0.5592669834434121, -0.8255416870117189, 0.008095203357122965, 0.6436176666691587, 0.7653043622206492, 0.07022362947463943, 0.0, 0.0, 0.0, 1.0], "fov": 75.0, "aspect": 1.7777777777777777, "override_transition_enabled": false, "override_transition_sec": null}, {"matrix": [0.6209952034553423, -0.5973599877055917, 0.5074701985080831, 0.7494183540344246, 0.7835709235575705, 0.48926036454834493, -0.38293720560577127, -0.5768861770629902, -0.01953368988680851, 0.6354410600286985, 0.771902256888144, 0.04513274133205578, 0.0, 0.0, 0.0, 1.0], "fov": 75.0, "aspect": 1.7777777777777777, "override_transition_enabled": false, "override_transition_sec": null}, {"matrix": [-0.050015278169142974, -0.7046587005202961, 0.7077814547801541, 0.9704214096069359, 0.9975198167784732, -0.00010394897255949775, 0.07038610891967734, -0.027673876285556544, -0.04952461089099891, 0.7095464079083617, 0.7029162168711404, -0.06487366557121266, 0.0, 0.0, 0.0, 1.0], "fov": 75.0, "aspect": 1.7777777777777777, "override_transition_enabled": false, "override_transition_sec": null}, {"matrix": [-0.46637717474241547, -0.6051270182636246, 0.6452236996938794, 0.8513821601867706, 0.8781870456412311, -0.22915581687151676, 0.4198513123260119, 0.41503925323485696, -0.10620660877369625, 0.7624361634663737, 0.638287750854948, -0.1615615010261522, 0.0, 0.0, 0.0, 1.0], "fov": 75.0, "aspect": 1.7777777777777777, "override_transition_enabled": false, "override_transition_sec": null}, {"matrix": [-0.8018486985571593, -0.45877696035023924, 0.38283464481938617, 0.6140875339508158, 0.5852446268956986, -0.47376060254888697, 0.65805745810091, 0.7059307575225804, -0.12052962835711895, 0.7517144352241156, 0.6483810735699984, -0.09701522588729869, 0.0, 0.0, 0.0, 1.0], "fov": 75.0, "aspect": 1.7777777777777777, "override_transition_enabled": false, "override_transition_sec": null}, {"matrix": [-0.9794507743075888, -0.16378059151531557, 0.11769493851121493, 0.22801270484925698, 0.19348703168167217, -0.5983846085322727, 0.7774950989187615, 0.8615071296691867, -0.05691176749391031, 0.784290620952828, 0.6177776886600443, -0.19385652542114565, 0.0, 0.0, 0.0, 1.0], "fov": 75.0, "aspect": 1.7777777777777777, "override_transition_enabled": false, "override_transition_sec": null}, {"matrix": [-0.9758117002909945, 0.09426513730793151, -0.19724504927504688, -0.11597908735273521, -0.2149699866611257, -0.5777790376911525, 0.7873749351100794, 0.8817022323608429, -0.039742048388505216, 0.8107314398079077, 0.5840677204715929, -0.22724447250366375, 0.0, 0.0, 0.0, 1.0], "fov": 75.0, "aspect": 1.7777777777777777, "override_transition_enabled": false, "override_transition_sec": null}, {"matrix": [-0.8073835394964022, 0.32953772715671664, -0.4894248732243254, -0.45481452941893397, -0.5897520883463623, -0.47604111014646733, 0.6523628865452291, 0.6978330135345432, -0.018008177069492065, 0.8153463974476765, 0.5786933192354388, -0.21592664718627524, 0.0, 0.0, 0.0, 1.0], "fov": 75.0, "aspect": 1.7777777777777777, "override_transition_enabled": false, "override_transition_sec": null}, {"matrix": [-0.43190401494652253, 0.5264578022102555, -0.7323258184476511, -0.7518217086791923, -0.9014841468624539, -0.2772116683557232, 0.332385354495517, 0.3831427335739172, -0.028022398697257145, 0.8037386847846658, 0.5943221952374551, -0.16057820320129418, 0.0, 0.0, 0.0, 1.0], "fov": 75.0, "aspect": 1.7777777777777777, "override_transition_enabled": false, "override_transition_sec": null}], "camera_type": "perspective", "render_height": 1080.0, "render_width": 1920.0, "fps": 30.0, "seconds": 28.0, "is_cycle": false, "smoothness_value": 0.4, "camera_path": [{"camera_to_world": [-0.43190401494652253, 0.5264578022102556, -0.7323258184476511, -0.7518217086791982, -0.901484146862454, -0.2772116683557232, 0.33238535449551687, 0.3831427335739145, -0.02802239869725709, 0.8037386847846659, 0.5943221952374551, -0.16057820320129418, 0.0, 0.0, 0.0, 1.0], "fov": 75.0, "aspect": 1.7777777777777777}, {"camera_to_world": [-0.42161749346584454, 0.5309637111254867, -0.7350620563404351, -0.754785838477489, -0.906417318389695, -0.26950980870003693, 0.32522624115791066, 0.3745341437054531, -0.025423102226369676, 0.8033940505644287, 0.5949047532091734, -0.15982504013508442, 0.0, 0.0, 0.0, 1.0], "fov": 75.0, "aspect": 1.7777777777777777}, {"camera_to_world": [-0.4114075083366844, 0.5353301540536558, -0.7376757338052343, -0.757748430432301, -0.9111648117414891, -0.26185765764836544, 0.31813401731818747, 0.3659280391974039, -0.022859307257623973, 0.803026894500926, 0.5955042055098356, -0.15907198500274533, 0.0, 0.0, 0.0, 1.0], "fov": 75.0, "aspect": 1.7777777777777777}, {"camera_to_world": [-0.40127660511129404, 0.5395600456344658, -0.7401702799662304, -0.7607079467001547, -0.9157312529993022, -0.25425738877320847, 0.3111100328413687, 0.3573269054101789, -0.020331219114519294, 0.802638235700968, 0.5961195384485855, -0.15831914573814745, 0.0, 0.0, 0.0, 1.0], "fov": 75.0, "aspect": 1.7777777777777777}, {"camera_to_world": [-0.39122718070283313, 0.5436562785014294, -0.742549085195914, -0.7636628494375712, -0.9201212217314187, -0.2467110670721745, 0.30415553045044297, 0.34873322770419035, -0.01783901339183508, 0.8022290821393133, 0.5967497543955262, -0.15756663027516143, 0.0, 0.0, 0.0, 1.0], "fov": 75.0, "aspect": 1.7777777777777777}, {"camera_to_world": [-0.381261487767369, 0.5476217211795708, -0.7448154995955283, -0.7666116008010717, -0.9243392484712288, -0.2392206519662491, 0.29727164918385035, 0.34014949143985035, -0.015382837223860246, 0.8018004303847479, 0.5973938718749777, -0.1568145465476579, 0.0, 0.0, 0.0, 1.0], "fov": 75.0, "aspect": 1.7777777777777777}, {"camera_to_world": [-0.3713816390281953, 0.5514592161155271, -0.7469728316036534, -0.7695526629471768, -0.9283898123827193, -0.23178800026724855, 0.29045942779687756, 0.331578181977571, -0.012962810525144475, 0.8013532653539004, 0.598050925632534, -0.15606300248950747, 0.0, 0.0, 0.0, 1.0], "fov": 75.0, "aspect": 1.7777777777777777}, {"camera_to_world": [-0.36158961153914426, 0.5551715778353634, -0.7490243467276372, -0.7724844980324077, -0.9322773391059112, -0.22441486911169184, 0.2837198081050812, 0.32302178467776443, -0.010579027203508784, 0.8008885600914619, 0.5987199666772874, -0.15531210603458073, 0.0, 0.0, 0.0, 1.0], "fov": 75.0, "aspect": 1.7777777777777777}, {"camera_to_world": [-0.35188725088391515, 0.5587615912255086, -0.7509732663926847, -0.7754055682132852, -0.9360061987751458, -0.21710291885858357, 0.27705363826809004, 0.3144827849008428, -0.00823155634512196, 0.8004072755755166, 0.5994000623005608, -0.1545619651167484, 0.0, 0.0, 0.0, 1.0], "fov": 75.0, "aspect": 1.7777777777777777}, {"camera_to_world": [-0.34227627530870897, 0.5622320099322786, -0.7528227669035439, -0.7783143356463303, -0.9395807042032538, -0.2098537159487892, 0.27046167601233806, 0.3059636680072183, -0.005920443371488171, 0.7999103605467274, 0.6000902960724241, -0.15381268766988096, 0.0, 0.0, 0.0, 1.0], "fov": 75.0, "aspect": 1.7777777777777777}, {"camera_to_world": [-0.3327582797857751, 0.5655855548755493, -0.7545759785138466, -0.781209262488064, -0.9430051092248066, -0.20266873572394428, 0.2639445917914756, 0.2974669193573029, -0.003645711168277277, 0.7993987513601553, 0.6007897678172476, -0.15306438162784913, 0.0, 0.0, 0.0, 1.0], "fov": 75.0, "aspect": 1.7777777777777777}, {"camera_to_world": [-0.3233347400057359, 0.5688249128722163, -0.7562359845982862, -0.784088810895007, -0.9462836071917953, -0.19554936520300426, 0.2575029718834067, 0.288995024311509, -0.0014073611859480861, 0.7988733718585306, 0.6014975935694792, -0.15231715492452352, 0.0, 0.0, 0.0, 1.0], "fov": 75.0, "aspect": 1.7777777777777777}, {"camera_to_world": [-0.31400701629680183, 0.571952735365171, -0.7578058209229317, -0.7869514430236808, -0.9494203296152415, -0.18849690581475853, 0.2511373214230572, 0.28055046823024843, 0.0007946254878139491, 0.7983351332658237, 0.6022129055108114, -0.15157111549377472, 0.0, 0.0, 0.0, 1.0], "fov": 75.0, "aspect": 1.7777777777777777}, {"camera_to_world": [-0.30477635746926035, 0.5749716372536157, -0.7592884750091148, -0.7897956210306057, -0.9524193449464117, -0.18151257608481197, 0.2448480673701634, 0.2721357364739335, 0.002960287083793922, 0.7977849341000072, 0.6029348518898447, -0.15082637126947335, 0.0, 0.0, 0.0, 1.0], "fov": 75.0, "aspect": 1.7777777777777777}, {"camera_to_world": [-0.2956439045838165, 0.5778841958206158, -0.7606868855864387, -0.7926198070723031, -0.9552846574914511, -0.1745975142757008, 0.2386355614115121, 0.26375331440297634, 0.005089680134976349, 0.7972236601039302, 0.6036625969253163, -0.15008303018549007, 0.0, 0.0, 0.0, 1.0], "fov": 75.0, "aspect": 1.7777777777777777}, {"camera_to_world": [-0.2866106946426257, 0.5806929497539155, -0.762003942130596, -0.7954224633052936, -0.9580202064534422, -0.16775278097900126, 0.23250008279722312, 0.2554056873777891, 0.0071828784881798335, 0.7966521841932702, 0.6043953206939279, -0.14934120017569547, 0.0, 0.0, 0.0, 1.0], "fov": 75.0, "aspect": 1.7777777777777777}, {"camera_to_world": [-0.2776776642020181, 0.5834003982560952, -0.7632424844817935, -0.7982020518860985, -0.9606298650960235, -0.16097936165841498, 0.22644184111079185, 0.24709534075878378, 0.009239972343417557, 0.7960713664205483, 0.6051322190037597, -0.1486009891739601, 0.0, 0.0, 0.0, 1.0], "fov": 75.0, "aspect": 1.7777777777777777}, {"camera_to_world": [-0.2688456529061434, 0.5860090002402862, -0.7644053025397256, -0.8009570349712385, -0.9631174400229008, -0.15427816914299197, 0.22046097897274297, 0.2388247599063727, 0.01126106732078802, 0.7954820539542462, 0.6058725032542163, -0.14786250511415475, 0.0, 0.0, 0.0, 1.0], "fov": 75.0, "aspect": 1.7777777777777777}, {"camera_to_world": [-0.2601154069409295, 0.5885211736077298, -0.765495136031141, -0.8036858747172347, -0.9654866705677216, -0.14765004606977217, 0.21455757467787073, 0.23059643018096784, 0.013246283554664173, 0.7948850810720847, 0.6066154002834208, -0.1471258559301499, 0.0, 0.0, 0.0, 1.0], "fov": 75.0, "aspect": 1.7777777777777777}, {"camera_to_world": [-0.25148758240792723, 0.5909392946035743, -0.76651467434619, -0.8063870332806079, -0.9677412282889577, -0.1410957672752735, 0.20873164476614703, 0.22241283694298142, 0.015195754814918638, 0.794281269167561, 0.6073601522039236, -0.14639114955581622, 0.0, 0.0, 0.0, 1.0], "fov": 75.0, "aspect": 1.7777777777777777}, {"camera_to_world": [-0.242962748617772, 0.593265697247408, -0.7674665564398517, -0.8090589728178793, -0.9698847165646067, -0.1346160421353727, 0.20298314652748828, 0.21427646555282548, 0.01710962765490659, 0.7936714267688829, 0.6081060162275622, -0.14565849392502433, 0.0, 0.0, 0.0, 1.0], "fov": 75.0, "aspect": 1.7777777777777777}, {"camera_to_world": [-0.23454139130313534, 0.5955026728351145, -0.7683533707948607, -0.8117001554855697, -0.971920670281673, -0.1282115168532343, 0.19731198044066417, 0.20618980137091225, 0.018988060585900912, 0.793056349569454, 0.6088522644802747, -0.14492799697164482, 0.0, 0.0, 0.0, 1.0], "fov": 75.0, "aspect": 1.7777777777777777}, {"camera_to_world": [-0.2262239157511997, 0.5976524695087403, -0.7691776554426801, -0.8143090434401998, -0.9738525556155565, -0.12188277669507397, 0.1917179925467299, 0.19815532975765388, 0.02083122327765058, 0.7924368204691166, 0.6095981838076241, -0.14419976662954834, 0.0, 0.0, 0.0, 1.0], "fov": 75.0, "aspect": 1.7777777777777777}, {"camera_to_world": [-0.21801064985580565, 0.5997172918911667, -0.7699418980391798, -0.8168840988382909, -0.9756837698946422, -0.11563034817362938, 0.18620097675743874, 0.19017553607346244, 0.0226392957847259, 0.7918136096253781, 0.6103430755717649, -0.14347391083260552, 0.0, 0.0, 0.0, 1.0], "fov": 75.0, "aspect": 1.7777777777777777}, {"camera_to_world": [-0.20990184708953863, 0.6016993007824643, -0.7706485359917925, -0.8194237838363639, -0.9774176415455154, -0.10945470117930656, 0.18076067709917193, 0.1822529056787501, 0.02441246779828471, 0.7911874745138741, 0.6110862554405521, -0.14275053751468697, 0.0, 0.0, 0.0, 1.0], "fov": 75.0, "aspect": 1.7777777777777777}, {"camera_to_world": [-0.20189768939615949, 0.6036006129149188, -0.7712999566350479, -0.8219265605909397, -0.9790574301144165, -0.10335625105908064, 0.17539678989299445, 0.17438992393392896, 0.026150937922890805, 0.7905591599973699, 0.6118270531694445, -0.1420297546096633, 0.0, 0.0, 0.0, 1.0], "fov": 75.0, "aspect": 1.7777777777777777}, {"camera_to_world": [-0.19399829000386137, 0.6054233007637991, -0.7718984974514742, -0.8243908912585394, -0.9806063263606682, -0.09733536064328652, 0.17010896587151275, 0.16658907619941113, 0.027854912977997304, 0.7899293984026088, 0.6125648123768462, -0.14131167005140513, 0.0, 0.0, 0.0, 1.0], "fov": 75.0, "aspect": 1.7777777777777777}, {"camera_to_world": [-0.18620369615995447, 0.6071693924110503, -0.7724464463349984, -0.8268152379956832, -0.9820674524179859, -0.09139234222054016, 0.16489681223325975, 0.15885284783560882, 0.029524607323699104, 0.7892989096043652, 0.6132988903134765, -0.14059639177378308, 0.0, 0.0, 0.0, 1.0], "fov": 75.0, "aspect": 1.7777777777777777}, {"camera_to_world": [-0.17851389178765342, 0.608840871459162, -0.7729460418940471, -0.8291980629588933, -0.9834438620196979, -0.08552745946108087, 0.15975989463540158, 0.15118372420293413, 0.031160242210345745, 0.7886684011160718, 0.6140286576263452, -0.13988402771066777, 0.0, 0.0, 0.0, 1.0], "fov": 75.0, "aspect": 1.7777777777777777}, {"camera_to_world": [-0.17092880006574307, 0.6104396769925886, -0.773399473791694, -0.8315378283046897, -0.9847385407840852, -0.07974092928891441, 0.1546977391255961, 0.14358419066179917, 0.03276204515160558, 0.7880385681864337, 0.6147534981178714, -0.13917468579592981, 0.0, 0.0, 0.0, 1.0], "fov": 75.0, "aspect": 1.7777777777777777}, {"camera_to_world": [-0.16344828593195093, 0.6119677035841553, -0.7738088831202717, -0.8338329961895935, -0.9859544065561527, -0.07403292370317693, 0.1497098340138816, 0.13605673257261613, 0.034330249320556505, 0.7874100939014529, 0.6154728085006628, -0.13846847396343986, 0.0, 0.0, 0.0, 1.0], "fov": 75.0, "aspect": 1.7777777777777777}, {"camera_to_world": [-0.15607215851096, 0.6134268013439996, -0.774176362807984, -0.836082028770126, -0.9870943098023104, -0.06840357154922883, 0.14479563168552478, 0.12860383529579708, 0.0358650929683777, 0.7867836492913277, 0.6161859981484411, -0.1377655001470685, 0.0, 0.0, 0.0, 1.0], "fov": 75.0, "aspect": 1.7777777777777777}, {"camera_to_world": [-0.14880017346800734, 0.6148187760086669, -0.7745039580551516, -0.8382833882028077, -0.988161034054564, -0.06285296023999376, 0.13995455035576654, 0.12122798419175418, 0.03736681886521753, 0.7861598934417062, 0.6168924888435742, -0.1370658722806864, 0.0, 0.0, 0.0, 1.0], "fov": 75.0, "aspect": 1.7777777777777777}, {"camera_to_world": [-0.14163203528913404, 0.6161453890680771, -0.7747936667978164, -0.8404355366441599, -0.9891572964009553, -0.05738113742816542, 0.13518597576746988, 0.11393166462089963, 0.03883567376279767, 0.7855394736088048, 0.6175917145216503, -0.13636969829816412, 0.0, 0.0, 0.0, 1.0], "fov": 75.0, "aspect": 1.7777777777777777}, {"camera_to_world": [-0.13456739948914564, 0.6174083579281605, -0.7750474401965219, -0.8425369362507036, -0.9900857480191142, -0.05198811262989589, 0.1304892628326666, 0.10671736194364552, 0.04027190787832363, 0.7849230253379206, 0.6182831210135095, -0.13567708613337232, 0.0, 0.0, 0.0, 1.0], "fov": 75.0, "aspect": 1.7777777777777777}, {"camera_to_world": [-0.12760587474842866, 0.6186093561070364, -0.7752671831481885, -0.8445860491789595, -0.9909489747499166, -0.04667385880065411, 0.12586373721905192, 0.09958756152040393, 0.04167577439926379, 0.7843111725848964, 0.6189661657851152, -0.13498814372018159, 0.0, 0.0, 0.0, 1.0], "fov": 75.0, "aspect": 1.7777777777777777}, {"camera_to_world": [-0.12074702497979617, 0.6197500134627008, -0.7754547548190744, -0.8465813375854484, -0.9917494977083607, -0.0414383138639669, 0.12130869688248214, 0.092544748711587, 0.043047529008562735, 0.7837045278401126, 0.6196403176756362, -0.13430297899246257, 0.0, 0.0, 0.0, 1.0], "fov": 75.0, "aspect": 1.7777777777777777}, {"camera_to_world": [-0.11399037132656475, 0.6208319164502625, -0.7756119691969214, -0.8485212636266917, -0.9924897739289014, -0.03628138219378818, 0.11682341354654219, 0.0855914088776069, 0.04438742942985113, 0.7831036922546097, 0.6203050566340784, -0.13362169988408593, 0.0, 0.0, 0.0, 1.0], "fov": 75.0, "aspect": 1.7777777777777777}, {"camera_to_world": [-0.1073353940931211, 0.6218566084068384, -0.7757405956604431, -0.8504042894592102, -0.9931721970425853, -0.031202936051279884, 0.11240713413028725, 0.0787300273788758, 0.04569573499221852, 0.7825092557679585, 0.6209598734547965, -0.13294441432892218, 0.0, 0.0, 0.0, 1.0], "fov": 75.0, "aspect": 1.7777777777777777}, {"camera_to_world": [-0.10078153460922523, 0.6228255898623059, -0.7758423595644157, -0.8522288772395248, -0.9937990979834561, -0.0262028169767915, 0.10805908212524151, 0.07196308957580574, 0.046972706214124416, 0.7819217972375188, 0.6216042695121793, -0.13227123026084198, 0.0, 0.0, 0.0, 1.0], "fov": 75.0, "aspect": 1.7777777777777777}, {"camera_to_world": [-0.09432819702938999, 0.6237403188741745, -0.7759189428387012, -0.8539934891241563, -0.9943727457218051, -0.02128083713790241, 0.10377845892278559, 0.06529308082880897, 0.04821860440600484, 0.7813418845687548, 0.6222377564948016, -0.13160225561371602, 0.0, 0.0, 0.0, 1.0], "fov": 75.0, "aspect": 1.7777777777777777}, {"camera_to_world": [-0.08797475006859379, 0.6246022113849121, -0.7759719845996027, -0.8556965872696256, -0.9948953480219407, -0.01643678063432763, 0.09956444509301765, 0.05872248649829752, 0.049433691291162984, 0.7807700748462743, 0.6228598561393031, -0.13093759832141483, 0.0, 0.0, 0.0, 1.0], "fov": 75.0, "aspect": 1.7777777777777777}, {"camera_to_world": [-0.08172052867571811, 0.6254126416001309, -0.7760030817720422, -0.857336633832454, -0.995369052222266, -0.011670404760592668, 0.09541620161624292, 0.05225379194468356, 0.05061822864451798, 0.7802069144653039, 0.6234700999642415, -0.13027736631780906, 0.0, 0.0, 0.0, 1.0], "fov": 75.0, "aspect": 1.7777777777777777}, {"camera_to_world": [-0.07556483564601724, 0.626172942386112, -0.7760137897211037, -0.8589120909691623, -0.9957959460355483, -0.006981441227341345, 0.09133287106817883, 0.045889482528379266, 0.0517724779487887, 0.7796529392633034, 0.6240680290041576, -0.12962166753676937, 0.0, 0.0, 0.0, 1.0], "fov": 75.0, "aspect": 1.7777777777777777}, {"camera_to_world": [-0.06950694317400308, 0.6268844056851922, -0.7760056228915672, -0.8604214208362715, -0.9961780583673546, -0.0023695973421744565, 0.08731357876002649, 0.0396320436097967, 0.05289670006771008, 0.779108674651463, 0.6246531935440556, -0.12897060991216633, 0.0, 0.0, 0.0, 1.0], "fov": 75.0, "aspect": 1.7777777777777777}, {"camera_to_world": [-0.06354609434809388, 0.6275482829476339, -0.7759800554541205, -0.8618630855903024, -0.9965173601507372, 0.002165442849076493, 0.08335743383450356, 0.033483960549348074, 0.053991154935872865, 0.778574635745825, 0.625225152854511, -0.1283243013778706, 0.0, 0.0, 0.0, 1.0], "fov": 75.0, "aspect": 1.7777777777777777}, {"camera_to_world": [-0.057681504588412924, 0.6281657855786231, -0.7759385219569963, -0.8632355473877759, -0.996815765195324, 0.00662401745971708, 0.07946353031896952, 0.02744771870744548, 0.05505610126477639, 0.7780513274977972, 0.6257834749275808, -0.12768284986775275, 0.0, 0.0, 0.0, 1.0], "fov": 75.0, "aspect": 1.7777777777777777}, {"camera_to_world": [-0.051912363029098074, 0.6287380853991311, -0.7758824179818551, -0.8645372683852133, -0.9970751310490762, 0.011006485697296675, 0.07563094813674281, 0.021525803444501015, 0.05609179626471794, 0.7775392448238418, 0.6263277362136912, -0.12704636331568345, 0.0, 0.0, 0.0, 1.0], "fov": 75.0, "aspect": 1.7777777777777777}, {"camera_to_world": [-0.046237833846503706, 0.6292663151194112, -0.775813100802778, -0.8657667107391351, -0.9972972598710389, 0.015313226835509619, 0.07185875407771869, 0.015720700120926894, 0.0570984953821112, 0.7770388727341268, 0.6268575213596601, -0.1264149496555333, 0.0, 0.0, 0.0, 1.0], "fov": 75.0, "aspect": 1.7777777777777777}, {"camera_to_world": [-0.04065705753466442, 0.6297515688239734, -0.7757318900473071, -0.8669223366060628, -0.9974838993135129, 0.019544639221977467, 0.06814600272937854, 0.01003489409713515, 0.058076452051866234, 0.7765506864599548, 0.6273724229479969, -0.1257887168211729, 0.0, 0.0, 0.0, 1.0], "fov": 75.0, "aspect": 1.7777777777777777}, {"camera_to_world": [-0.035169152129391756, 0.6301949024669233, -0.775640068358517, -0.8680026081425167, -0.9976367434121403, 0.023701139320968956, 0.06449173736927688, 0.004470870733538024, 0.059025917464444966, 0.7760751515797895, 0.6278720412376135, -0.1251677727464729, 0.0, 0.0, 0.0, 1.0], "fov": 75.0, "aspect": 1.7777777777777777}, {"camera_to_world": [-0.02977321438235181, 0.6305973343766049, -0.7755388820571556, -0.8690059875050181, -0.997757433482473, 0.027783160790149197, 0.060894990820077266, -0.0009688846094524362, 0.059947140347235084, 0.7756127241437114, 0.6283559839060657, -0.1245522253653039, 0.0, 0.0, 0.0, 1.0], "fov": 75.0, "aspect": 1.7777777777777777}, {"camera_to_world": [-0.024468320886495643, 0.6309598457685497, -0.7754295418029441, -0.869930936850088, -0.9978475590216775, 0.03179115359040918, 0.05735478626820195, -0.006281886571424045, 0.06084036675987092, 0.7751638507961522, 0.6288238657934392, -0.12394218261153656, 0.0, 0.0, 0.0, 1.0], "fov": 75.0, "aspect": 1.7777777777777777}, {"camera_to_world": [-0.019253529154175886, 0.6312833812657601, -0.7753132232541752, -0.8707759183342473, -0.9979086586140817, 0.03572558312786411, 0.053870138047145466, -0.011465649791964672, 0.0617058399031547, 0.7747289688967641, 0.6292753086479741, -0.12333775241904144, 0.0, 0.0, 0.0, 1.0], "fov": 75.0, "aspect": 1.7777777777777777}, {"camera_to_world": [-0.014127878649288661, 0.6315688494254248, -0.7751910677248006, -0.8715393941140169, -0.9979422208393542, 0.039586929427097295, 0.050440052386488965, -0.016517688910662166, 0.06254379994123094, 0.7743085066392977, 0.62970994087352, -0.1227390427216892, 0.0, 0.0, 0.0, 1.0], "fov": 75.0, "aspect": 1.7777777777777777}, {"camera_to_world": [-0.00909039177474702, 0.6318171232711953, -0.7750641828382299, -0.8722198263459179, -0.9979496851821592, 0.04337568633474209, 0.047063528127624876, -0.021435518567104506, 0.06335448383667336, 0.7739028831683608, 0.6301273972789053, -0.12214616145335044, 0.0, 0.0, 0.0, 1.0], "fov": 75.0, "aspect": 1.7777777777777777}, {"camera_to_world": [-0.004140074816616379, 0.6320290408302007, -0.7749336431771234, -0.8728156771864708, -0.9979324429421956, 0.04709236075248413, 0.0437395574072198, -0.02621665340087941, 0.06413812519815665, 0.773512508693954, 0.6305273188292886, -0.12155921654789578, 0.0, 0.0, 0.0, 1.0], "fov": 75.0, "aspect": 1.7777777777777777}, {"camera_to_world": [0.0007240811538116176, 0.6322054056740197, -0.7748004909284912, -0.8733254087921971, -0.9978918381435936, 0.05073747189858935, 0.040467126309388646, -0.03085860805157482, 0.06489495414038637, 0.7731377846036812, 0.6309093523995575, -0.1209783159391959, 0.0, 0.0, 0.0, 1.0], "fov": 75.0, "aspect": 1.7777777777777777}, {"camera_to_world": [0.0055030994187330595, 0.6323469874628651, -0.7746657365234548, -0.8737474833196176, -0.9978291684426883, 0.05431155059707393, 0.03724521548755927, -0.0353588971587786, 0.06562519715597653, 0.7727791035725413, 0.631273150529831, -0.12040356756112133, 0.0, 0.0, 0.0, 1.0], "fov": 75.0, "aspect": 1.7777777777777777}, {"camera_to_world": [0.010198016792051456, 0.6324545224922857, -0.7745303592710641, -0.874080362925253, -0.997745686033257, 0.05781513859361753, 0.03407280075699626, -0.03971503536207858, 0.06632907699896173, 0.7724368496702209, 0.6316183711831144, -0.11983507934754274, 0.0, 0.0, 0.0, 1.0], "fov": 75.0, "aspect": 1.7777777777777777}, {"camera_to_world": [0.014809882835891464, 0.63252871424171, -0.7743953079856027, -0.8743225097656244, -0.9976425985483492, 0.06124878789736965, 0.030948853658907538, -0.043924537301062584, 0.06700681257965208, 0.7721113984658123, 0.631944677505146, -0.11927295923233079, 0.0, 0.0, 0.0, 1.0], "fov": 75.0, "aspect": 1.7777777777777777}, {"camera_to_world": [0.019529920280412116, 0.6325660026256383, -0.7742601852969467, -0.8744710186253428, -0.9975154245649418, 0.0647554888877111, 0.027743547248648914, -0.04819580993889706, 0.06768722160692708, 0.7717946481941521, 0.6322590142101573, -0.1186822944577643, 0.0, 0.0, 0.0, 1.0], "fov": 75.0, "aspect": 1.7777777777777777}, {"camera_to_world": [0.024541685923352485, 0.6325608292743119, -0.7741217623344757, -0.8745254578991284, -0.9973562186038054, 0.06847264516922502, 0.024332490128387563, -0.052732562724869744, 0.06839794488402562, 0.7714779932903624, 0.6325689108739991, -0.11802955816525598, 0.0, 0.0, 0.0, 1.0], "fov": 75.0, "aspect": 1.7777777777777777}, {"camera_to_world": [0.02983470533649435, 0.6325108521009812, -0.7739766872018659, -0.874488000158667, -0.9971609222474827, 0.07239240263169566, 0.020722817949305306, -0.05752526402775106, 0.06913743920651194, 0.7711610480410047, 0.6328749106136733, -0.11731693713737698, 0.0, 0.0, 0.0, 1.0], "fov": 75.0, "aspect": 1.7777777777777777}, {"camera_to_world": [0.035398456406148915, 0.632413714717674, -0.773821583261319, -0.8743608179756442, -0.9969254518036161, 0.07650686266946805, 0.01692168758224044, -0.0625643822163114, 0.06990416890442064, 0.7708434298879816, 0.6331775531146968, -0.11654661815669845, 0.0, 0.0, 0.0, 1.0], "fov": 75.0, "aspect": 1.7777777777777777}, {"camera_to_world": [0.04122236717719707, 0.6322670677026183, -0.7736530692390751, -0.8741460839217454, -0.9966457276691181, 0.0808080823043612, 0.01293628050042217, -0.067840385659321, 0.07069660503307335, 0.7705247620505289, 0.6334773722113312, -0.11572078800579162, 0.0, 0.0, 0.0, 1.0], "fov": 75.0, "aspect": 1.7777777777777777}, {"camera_to_world": [0.047295814273450754, 0.6320685891173976, -0.7734677786458556, -0.8738459705686564, -0.996317702668462, 0.08528807468147015, 0.008773805706009163, -0.07334374272555026, 0.0715132246626462, 0.7702046760233743, 0.6337748935782161, -0.11484163346722764, 0.0, 0.0, 0.0, 1.0], "fov": 75.0, "aspect": 1.7777777777777777}, {"camera_to_world": [0.05360812193150599, 0.6318160042637719, -0.7732623785101269, -0.8734626504880627, -0.9959373893577277, 0.08993880996408765, 0.004441502173597123, -0.07906492178376953, 0.07235251026945183, 0.7698828139518414, 0.6340706325318209, -0.11391134132357769, 0.0, 0.0, 0.0, 1.0], "fov": 75.0, "aspect": 1.7777777777777777}, {"camera_to_world": [0.06014856167733007, 0.6315071046694212, -0.7730335874204904, -0.8729982962516496, -0.9955008862844186, 0.0947522166481165, -5.33592106792824e-05, -0.08499439120274914, 0.0732129492308935, 0.7695588308844965, 0.6343650919404389, -0.11293209835741295, 0.0, 0.0, 0.0, 1.0], "fov": 75.0, "aspect": 1.7777777777777777}, {"camera_to_world": [0.06690635266712397, 0.6311397662912558, -0.7727781928720568, -0.8724550804311033, -0.9950044031915909, 0.0997201833106488, -0.00470347423050993, -0.09112261935125947, 0.07409303342507267, 0.769232396903764, 0.6346587602417233, -0.11190609135130461, 0.0, 0.0, 0.0, 1.0], "fov": 75.0, "aspect": 1.7777777777777777}, {"camera_to_world": [0.07387066270660847, 0.6307119669244882, -0.7724930679103406, -0.8718351755981087, -0.9944442851535792, 0.10483456080192077, -0.009501504452208265, -0.09744007459807084, 0.07499125893511488, 0.7689031991347883, 0.6349521095670245, -0.11083550708782382, 0.0, 0.0, 0.0, 1.0], "fov": 75.0, "aspect": 1.7777777777777777}, {"camera_to_world": [0.08103060995569245, 0.6302218028053497, -0.7721751870650748, -0.8711407543243519, -0.9938170356295615, 0.11008716488454073, -0.014440076874960184, -0.10393722531195371, 0.0759061258573987, 0.7685709436326998, 0.635245593972018, -0.10972253234954174, 0.0, 0.0, 0.0, 1.0], "fov": 75.0, "aspect": 1.7777777777777777}, {"camera_to_world": [0.0883752653186719, 0.6296675043951514, -0.7718216415653529, -0.8703739891815181, -0.9931193384203696, 0.1154697793188697, -0.019511784119825515, -0.11060453986167826, 0.07683613821205154, 0.7682353571483373, 0.6355396477733116, -0.1085693539190296, 0.0, 0.0, 0.0, 1.0], "fov": 75.0, "aspect": 1.7777777777777777}, {"camera_to_world": [0.09589365551348383, 0.6290474513333943, -0.771429653826726, -0.869537052741293, -0.992348078513406, 0.1209741593885435, -0.02470918515423126, -0.11743248661601488, 0.07777980395328915, 0.7678961887724123, 0.6358346839908875, -0.10737815857885853, 0.0, 0.0, 0.0, 1.0], "fov": 75.0, "aspect": 1.7777777777777777}, {"camera_to_world": [0.10357476680725386, 0.6283601865478039, -0.7709965912002674, -0.8686321175753624, -0.9915003618002023, 0.12659203585551415, -0.030024806544330984, -0.12441153394373403, 0.07873563507644604, 0.7675532114580497, 0.6361310928963803, -0.10615113311159974, 0.0, 0.0, 0.0, 1.0], "fov": 75.0, "aspect": 1.7777777777777777}, {"camera_to_world": [0.1114075493993888, 0.6276044295094956, -0.7705199789732147, -0.8676613562554116, -0.9905735336511088, 0.13231511932958773, -0.03545114422345935, -0.1315321502136059, 0.07970214781784918, 0.7672062234216153, 0.6364292406673064, -0.1048904642998244, 0.0, 0.0, 0.0, 1.0], "fov": 75.0, "aspect": 1.7777777777777777}, {"camera_to_world": [0.11938092242775178, 0.6267790886219952, -0.76999751261058, -0.866626941353126, -0.989565196331824, 0.138135105033259, -0.04098066576093157, -0.13878480379440092, 0.08067786294305151, 0.7668550494217481, 0.636729468147431, -0.10359833892610368, 0.0, 0.0, 0.0, 1.0], "fov": 75.0, "aspect": 1.7777777777777777}, {"camera_to_world": [0.12748377956809187, 0.6258832727335237, -0.7694270692271021, -0.8655310454401919, -0.9884732252469366, 0.14404367793873218, -0.04660581311169021, -0.1461599630548894, 0.0816613061183396, 0.7664995419165339, 0.6370320897135329, -0.10227694377300875, 0.0, 0.0, 0.0, 1.0], "fov": 75.0, "aspect": 1.7777777777777777}, {"camera_to_world": [0.13570499519180712, 0.6249163017628139, -0.7688067182791001, -0.8643758410882943, -0.9872957839964098, 0.15003251825030828, -0.0523190058237466, -0.15364809636384186, 0.08265100835988587, 0.7661395820988227, 0.6373373922488272, -0.1009284656231108, 0.0, 0.0, 0.0, 1.0], "fov": 75.0, "aspect": 1.7777777777777777}, {"camera_to_world": [0.14403343104243294, 0.6238777164297417, -0.7681347314661378, -0.863163500869119, -0.9860313382319045, 0.1560933072019388, -0.05811264467704774, -0.16123967209002832, 0.083645506554413, 0.7657750808097452, 0.6376456342233385, -0.099555091258981, 0.0, 0.0, 0.0, 1.0], "fov": 75.0, "aspect": 1.7777777777777777}, {"camera_to_world": [0.15245794338677932, 0.6227672870832347, -0.7674095918329802, -0.8618961973543513, -0.9846786683010812, 0.16221773313651588, -0.06397911572426762, -0.1689251586022194, 0.0846433440447783, 0.765405979330602, 0.6379570448814555, -0.09815900746319053, 0.0, 0.0, 0.0, 1.0], "fov": 75.0, "aspect": 1.7777777777777777}, {"camera_to_world": [0.16096739059265797, 0.621585021620241, -0.7666300020630261, -0.8605761031156771, -0.9832368806694727, 0.1683974978306283, -0.0699107947011679, -0.1766950242691854, 0.08564307127348936, 0.7650322500533872, 0.6382718235368814, -0.09674240101831053, 0.0, 0.0, 0.0, 1.0], "fov": 75.0, "aspect": 1.7777777777777777}, {"camera_to_world": [0.1695506410813835, 0.6203311724909917, -0.7657948919553088, -0.859205390724782, -0.9817054181111833, 0.1746243230258322, -0.07590005177150044, -0.1845397374596965, 0.08664324647679417, 0.7646538970303629, 0.6385901389751022, -0.09530745870691225, 0.0, 0.0, 0.0, 1.0], "fov": 75.0, "aspect": 1.7777777777777777}, {"camera_to_world": [0.17819658159991747, 0.6190062427873765, -0.7649034250781983, -0.8577862327533513, -0.9800840686615481, 0.180889957125152, -0.08193925656903561, -0.19244976654252324, 0.0876424364216874, 0.7642709564032351, 0.6389121289634081, -0.09385636731156681, 0.0, 0.0, 0.0, 1.0], "fov": 75.0, "aspect": 1.7777777777777777}, {"camera_to_world": [0.18689412575454445, 0.6176109914129198, -0.7639550045941156, -0.8563208017730706, -0.9783729733269069, 0.18718618201144288, -0.08802078349712023, -0.200415579886436, 0.08863921717790846, 0.7638834967126398, 0.6392378998683965, -0.09239131361484541, 0.0, 0.0, 0.0, 1.0], "fov": 75.0, "aspect": 1.7777777777777777}, {"camera_to_world": [0.19563222274535919, 0.6161464373346321, -0.7629492782508878, -0.8548112703556257, -0.976572632548852, 0.19350481994244606, -0.09413701724426221, -0.20842764586020487, 0.08963217491679637, 0.7634916190888292, 0.6395675263807591, -0.09091448439931923, 0.0, 0.0, 0.0, 1.0], "fov": 75.0, "aspect": 1.7777777777777777}, {"camera_to_world": [0.20439986623860185, 0.6146138629188468, -0.7618861425368064, -0.8532598110727021, -0.9746839114226328, 0.19983774047584657, -0.10028035847256328, -0.2164764328326004, 0.09061990672870535, 0.7630954573246269, 0.6399010513470027, -0.08942806644755943, 0.0, 0.0, 0.0, 1.0], "fov": 75.0, "aspect": 1.7777777777777777}, {"camera_to_world": [0.213186103312074, 0.6130148163550482, -0.7607657459979388, -0.8516685964959854, -0.9727080436718027, 0.20617686737644836, -0.10644322963443348, -0.224552409172393, 0.09160102145057147, 0.7626951778318918, 0.6402384857076235, -0.08793424654213718, 0.0, 0.0, 0.0, 1.0], "fov": 75.0, "aspect": 1.7777777777777777}, {"camera_to_world": [0.2219800434073268, 0.6113511131736434, -0.7595884917178699, -0.8500397991971609, -0.9706466343837318, 0.2125141854565925, -0.11261808087183539, -0.2326460432483528, 0.09257414049514895, 0.7622909794829453, 0.6405798085410719, -0.08643521146562369, 0.0, 0.0, 0.0, 1.0], "fov": 75.0, "aspect": 1.7777777777777777}, {"camera_to_world": [0.23077086722129325, 0.6096248368655601, -0.7583550389616802, -0.8483755917479145, -0.9685016615131292, 0.218841747300331, -0.11879739595145233, -0.24074780342925023, 0.09353789867342716, 0.7618830933385891, 0.6409249672126859, -0.08493314800059013, 0.0, 0.0, 0.0, 1.0], "fov": 75.0, "aspect": 1.7777777777777777}, {"camera_to_world": [0.23954783546927816, 0.6078383386135129, -0.7570663039876679, -0.8466781467199318, -0.9662754761633234, 0.22515167982146855, -0.12497369818851217, -0.2488481580838557, 0.09449094500176225, 0.7614717822645403, 0.6412738776276004, -0.08343024292960766, 0.0, 0.0, 0.0, 1.0], "fov": 75.0, "aspect": 1.7777777777777777}, {"camera_to_world": [0.2483002974509313, 0.6059942361466869, -0.7557234600320231, -0.8449496366848983, -0.9639708016575969, 0.23143619060552, -0.13113955631164792, -0.25693757558093955, 0.09543194348534195, 0.7610573404382874, 0.6416264245864657, -0.08192868303524745, 0.0, 0.0, 0.0, 1.0], "fov": 75.0, "aspect": 1.7777777777777777}, {"camera_to_world": [0.2570176993508304, 0.6040954117324573, -0.7543279364733876, -0.8431922342144995, -0.9615907314154253, 0.237687573985779, -0.13728759022104758, -0.26500652428927207, 0.09635957386971783, 0.7606400927485664, 0.6419824622426212, -0.0804306551000807, 0.0, 0.0, 0.0, 1.0], "fov": 75.0, "aspect": 1.7777777777777777}, {"camera_to_world": [0.2656895922057638, 0.602145009320572, -0.7528814171859095, -0.8414081118804209, -0.9591387256509363, 0.24389821680419654, -0.14341047659230255, -0.2730454725776236, 0.09727253235232008, 0.7602203940898071, 0.6423418146592244, -0.07893834590667856, 0.0, 0.0, 0.0, 1.0], "fov": 75.0, "aspect": 1.7777777777777777}, {"camera_to_world": [0.2743056394715444, 0.6001464308569237, -0.7513858380910591, -0.8395994422543482, -0.9566186069132748, 0.25006060380845374, -0.14950095427875199, -0.2810448888147647, 0.09816953224607439, 0.7597986285540714, 0.6427042764646423, -0.07745394223761223, 0.0, 0.0, 0.0, 1.0], "fov": 75.0, "aspect": 1.7777777777777777}, {"camera_to_world": [0.28285562412334486, 0.5981033317856553, -0.7498433839200633, -0.8377683979079672, -0.9540345544908345, 0.2561673226376199, -0.15555182946577184, -0.28899524136946536, 0.09904930458750333, 0.7593752085231463, 0.6430696136042817, -0.07597963087545287, 0.0, 0.0, 0.0, 1.0], "fov": 75.0, "aspect": 1.7777777777777777}, {"camera_to_world": [0.29132945522500064, 0.5960196157598074, -0.7482564842003279, -0.8359171514129631, -0.9513910977034157, 0.26221106834999597, -0.1615559805313414, -0.2968869986104963, 0.09991059868199065, 0.7589505736635851, 0.6434375641868613, -0.07451759860277167, 0.0, 0.0, 0.0, 1.0], "fov": 75.0, "aspect": 1.7777777777777777}, {"camera_to_world": [0.29971717390458685, 0.5938994285820401, -0.7466278084806204, -0.8340478753410216, -0.9486931081082907, 0.2681846474482573, -0.16750636256836648, -0.3047106289066276, 0.1007521825792313, 0.7585251898275892, 0.6438078394230231, -0.07307003220213978, 0.0, 0.0, 0.0, 1.0], "fov": 75.0, "aspect": 1.7777777777777777}, {"camera_to_world": [0.30800895867565725, 0.5917471513981243, -0.7449602608111003, -0.8321627422638285, -0.945945790647909, 0.27408098135866144, -0.17339601152557038, -0.31245660062662955, 0.1015728434722582, 0.7580995478627319, 0.64418012465403, -0.07163911845612844, 0.0, 0.0, 0.0, 1.0], "fov": 75.0, "aspect": 1.7777777777777777}, {"camera_to_world": [0.3161951300460455, 0.5895673931668688, -0.7432569734954306, -0.8302639247530692, -0.9431546737684537, 0.2798931093230719, -0.17921804792538282, -0.32011538213927276, 0.1023713880138693, 0.7576741623335759, 0.6445540804682164, -0.07022704414730876, 0.0, 0.0, 0.0, 1.0], "fov": 75.0, "aspect": 1.7777777777777777}, {"camera_to_world": [0.3242661543588291, 0.5873649824309228, -0.741521300133218, -0.8283535953804291, -0.9403255985397245, 