{"default_fov": 75.0, "default_transition_sec": 2.0, "keyframes": [{"matrix": [-0.0500152781691422, -0.7046587005202961, 0.7077814547801538, 0.9704214096069338, 0.997519816778473, -0.00010394897255883162, 0.07038610891967695, -0.02767387628556418, -0.049524610890998966, 0.7095464079083613, 0.7029162168711407, -0.06487366557121407, 0.0, 0.0, 0.0, 1.0], "fov": 75.0, "aspect": 1.7777777777777777, "override_transition_enabled": false, "override_transition_sec": null}, {"matrix": [-0.4663771747424159, -0.6051270182636247, 0.6452236996938789, 0.8513821601867664, 0.8781870456412307, -0.2291558168715171, 0.4198513123260123, 0.4150392532348534, -0.10620660877369642, 0.7624361634663734, 0.6382877508549483, -0.1615615010261522, 0.0, 0.0, 0.0, 1.0], "fov": 75.0, "aspect": 1.7777777777777777, "override_transition_enabled": false, "override_transition_sec": null}, {"matrix": [-0.7380253663668046, -0.5051060442100337, 0.44742199622016343, 0.6856365680694583, 0.6658099967940774, -0.4374011904341166, 0.6044644297027648, 0.6354246139526241, -0.10961572317972926, 0.7440081200560311, 0.6591178274955665, -0.09457297325134287, 0.0, 0.0, 0.0, 1.0], "fov": 75.0, "aspect": 1.7777777777777777, "override_transition_enabled": false, "override_transition_sec": null}, {"matrix": [-0.9200496438488663, -0.3050735784012009, 0.24584296738987782, 0.4253551483154327, 0.3811560000602697, -0.5516491568882728, 0.7418917113181097, 0.8230903625488226, -0.09071249347046921, 0.776281726865926, 0.6238252351920577, -0.15954600572586503, 0.0, 0.0, 0.0, 1.0], "fov": 75.0, "aspect": 1.7777777777777777, "override_transition_enabled": false, "override_transition_sec": null}, {"matrix": [-0.9758117002909941, 0.09426513730793257, -0.19724504927504866, -0.11597908735275261, -0.21496998666112777, -0.5777790376911522, 0.787374935110079, 0.8817022323608485, -0.039742048388505355, 0.8107314398079078, 0.5840677204715927, -0.22724447250365948, 0.0, 0.0, 0.0, 1.0], "fov": 75.0, "aspect": 1.7777777777777777, "override_transition_enabled": false, "override_transition_sec": null}, {"matrix": [-0.8625632611768459, 0.26605487923661086, -0.4303480239322089, -0.35945188999175315, -0.5043380709214024, -0.5199631735472025, 0.6894065624680409, 0.7733718872070456, -0.040345144531197086, 0.8116976650139599, 0.5826827352201559, -0.2146264553070071, 0.0, 0.0, 0.0, 1.0], "fov": 75.0, "aspect": 1.7777777777777777, "override_transition_enabled": false, "override_transition_sec": null}, {"matrix": [-0.608713564874246, 0.45258019395685833, -0.651643279698379, -0.6036395072936928, -0.7932087247777273, -0.3647139722356476, 0.48765114312650504, 0.5193362712860151, -0.016962160079983524, 0.8137290006470631, 0.5809969007071837, -0.1969590187072799, 0.0, 0.0, 0.0, 1.0], "fov": 75.0, "aspect": 1.7777777777777777, "override_transition_enabled": false, "override_transition_sec": null}, {"matrix": [-0.2687189182340558, 0.5863007377050056, -0.7642261366570011, -0.8416243553161538, -0.9631575261831247, -0.15461869649580484, 0.2200469005706326, 0.23405792713165927, 0.010850011056331654, 0.7952009203091409, 0.6062489369884065, -0.15110857486724588, 0.0, 0.0, 0.0, 1.0], "fov": 75.0, "aspect": 1.7777777777777777, "override_transition_enabled": false, "override_transition_sec": null}, {"matrix": [0.014809882835890686, 0.63252871424171, -0.7743953079856027, -0.8743225097656309, -0.9976425985483492, 0.061248787897369095, 0.030948853658908038, -0.04392453730104917, 0.06700681257965196, 0.7721113984658123, 0.631944677505146, -0.11927295923233186, 0.0, 0.0, 0.0, 1.0], "fov": 75.0, "aspect": 1.7777777777777777, "override_transition_enabled": false, "override_transition_sec": null}, {"matrix": [0.44811402644307746, 0.5474826589847359, -0.7067224047785499, -0.7910752773284829, -0.8869177530840937, 0.3714103124523109, -0.274647554273362, -0.44392833709716595, 0.1121192158786149, 0.7498780686985587, 0.6520062603347335, -0.04879818558692932, 0.0, 0.0, 0.0, 1.0], "fov": 75.0, "aspect": 1.7777777777777777, "override_transition_enabled": false, "override_transition_sec": null}, {"matrix": [0.7678779111162171, 0.38954662585928984, -0.5085439409740693, -0.5407959938049318, -0.6354918190078369, 0.5632425715723504, -0.5281173672041817, -0.7397497177124068, 0.08070725861969177, 0.7287051748479685, 0.6800552231663881, -0.02363506108521837, 0.0, 0.0, 0.0, 1.0], "fov": 75.0, "aspect": 1.7777777777777777, "override_transition_enabled": false, "override_transition_sec": null}, {"matrix": [0.9774178181440994, 0.11024213207408681, -0.1802805621529613, -0.22908368110656824, -0.20374216851256113, 0.7179938372979938, -0.6655629033922348, -0.9672782897949277, 0.05606725911106476, 0.6872637935449981, 0.7242409409429373, 0.054792100191119374, 0.0, 0.0, 0.0, 1.0], "fov": 75.0, "aspect": 1.7777777777777777, "override_transition_enabled": false, "override_transition_sec": null}, {"matrix": [0.9965739914738055, -0.07196644244659181, -0.040756725574422684, 0.04457578361034508, 0.026218576534867, 0.7422736432193175, -0.6695837698349674, -0.9576748847961314, 0.07844020501281683, 0.6662211868017278, 0.7416174650681068, 0.03863354325294233, 0.0, 0.0, 0.0, 1.0], "fov": 75.0, "aspect": 1.7777777777777777, "override_transition_enabled": false, "override_transition_sec": null}, {"matrix": [0.8640407476075931, -0.3897485241505862, 0.3186372143930327, 0.46243295669555806, 0.5033567861431079, 0.6586747202328233, -0.5592669834434121, -0.825541687011716, 0.008095203357123187, 0.6436176666691584, 0.7653043622206493, 0.07022362947464014, 0.0, 0.0, 0.0, 1.0], "fov": 75.0, "aspect": 1.7777777777777777, "override_transition_enabled": false, "override_transition_sec": null}, {"matrix": [0.620995203455342, -0.597359987705592, 0.5074701985080834, 0.7494183540344254, 0.783570923557571, 0.48926036454834465, -0.3829372056057708, -0.5768861770629912, -0.019533689886808786, 0.6354410600286985, 0.7719022568881438, 0.04513274133204868, 0.0, 0.0, 0.0, 1.0], "fov": 75.0, "aspect": 1.7777777777777777, "override_transition_enabled": false, "override_transition_sec": null}, {"matrix": [-0.05001527816914286, -0.7046587005202962, 0.7077814547801539, 0.9704214096069366, 0.9975198167784731, -0.00010394897255938673, 0.07038610891967739, -0.02767387628556276, -0.04952461089099902, 0.7095464079083613, 0.7029162168711406, -0.06487366557120981, 0.0, 0.0, 0.0, 1.0], "fov": 75.0, "aspect": 1.7777777777777777, "override_transition_enabled": false, "override_transition_sec": null}], "camera_type": "perspective", "render_height": 1080.0, "render_width": 1920.0, "fps": 30.0, "seconds": 30.0, "is_cycle": false, "smoothness_value": 0.41, "camera_path": [{"camera_to_world": [-0.0500152781691422, -0.7046587005202961, 0.7077814547801538, 0.9704214096069338, 0.997519816778473, -0.00010394897255883162, 0.07038610891967695, -0.02767387628556418, -0.049524610890998966, 0.7095464079083613, 0.7029162168711407, -0.06487366557121407, 0.0, 0.0, 0.0, 1.0], "fov": 75.0, "aspect": 1.7777777777777777}, {"camera_to_world": [-0.06078400573022358, -0.7034569673880864, 0.7081338854203667, 0.9681456055228972, 0.9968286593546378, -0.006276217381272486, 0.07932989968869719, -0.018236737157988594, -0.05136076845826876, 0.7107101407244306, 0.7016075593484126, -0.06721764712588386, 0.0, 0.0, 0.0, 1.0], "fov": 75.0, "aspect": 1.7777777777777777}, {"camera_to_world": [-0.07142019894677132, -0.7021925128470592, 0.7083959557224591, 0.9658702879349876, 0.9960284535641577, -0.01235297479935149, 0.08817439369907432, -0.008803029962008843, -0.053164601691316926, 0.7118799610293433, 0.7002859745931402, -0.0695604074786135, 0.0, 0.0, 0.0, 1.0], "fov": 75.0, "aspect": 1.7777777777777777}, {"camera_to_world": [-0.08192322834747001, -0.7008684241038797, 0.7085704176377055, 0.963595943339333, 0.9951234213641632, -0.018334449656556173, 0.09691864737125205, 0.0006238133707792391, -0.0549359709990655, 0.7130549067567904, 0.6989526014262016, -0.07190072542746291, 0.0, 0.0, 0.0, 1.0], "fov": 75.0, "aspect": 1.7777777777777777}, {"camera_to_world": [-0.09229254498431005, -0.6994877424747811, 0.7086599920045251, 0.9613230582320602, 0.9941177280859311, -0.02422093334731701, 0.10556177856142646, 0.010040360908779812, -0.056674763745303114, 0.7142340264334368, 0.6976085769535054, -0.07423737977049191, 0.0, 0.0, 0.0, 1.0], "fov": 75.0, "aspect": 1.7777777777777777}, {"camera_to_world": [-0.10252767765940962, -0.6980534630673787, 0.7086673676792292, 0.9590521191092968, 0.9930154815549705, -0.03001277792181245, 0.11410296470103459, 0.01944318072039705, -0.05838089332921986, 0.7154163793631338, 0.6962550361993991, -0.07656914930576039, 0.0, 0.0, 0.0, 1.0], "fov": 75.0, "aspect": 1.7777777777777777}, {"camera_to_world": [-0.11262823019339152, -0.6965685345188767, 0.7085952007188092, 0.9567836124671697, 0.9918207312930395, -0.0357103938132588, 0.12254144095383757, 0.028828840874035106, -0.06005429827119246, 0.7166010357876459, 0.6948931117569289, -0.07889481283132824, 0.0, 0.0, 0.0, 1.0], "fov": 75.0, "aspect": 1.7777777777777777}, {"camera_to_world": [-0.1225938787362042, -0.6950358587883829, 0.7084461136139486, 0.9545180248018067, 0.9905374677991101, -0.04131424760190017, 0.1308764983914829, 0.038193909438098146, -0.06169494130429015, 0.7177870770245058, 0.6935239334544097, -0.0812131491452553, 0.0, 0.0, 0.0, 1.0], "fov": 75.0, "aspect": 1.7777777777777777}, {"camera_to_world": [-0.13242436912121092, -0.6934582910011109, 0.7082226945704775, 0.9522558426093347, 0.989169621906381, -0.04682485981612794, 0.13910748218836794, 0.047534954480990335, -0.06330280847195008, 0.7189735955826322, 0.692148628037754, -0.08352293704560149, 0.0, 0.0, 0.0, 1.0], "fov": 75.0, "aspect": 1.7777777777777777}, {"camera_to_world": [-0.14211951426324654, -0.6918386393422715, 0.7079274968375032, 0.9499975523858813, 0.987721064212457, -0.05224280277106219, 0.14723378983655722, 0.05684854407111585, -0.06487790823223627, 0.7201596952563079, 0.6907683188680205, -0.08582295533042661, 0.0, 0.0, 0.0, 1.0], "fov": 75.0, "aspect": 1.7777777777777777}, {"camera_to_world": [-0.1516791916012914, -0.6901796649985273, 0.7075630380804945, 0.9477436406275738, 0.9861956045798982, -0.05756869844489709, 0.1552548693814449, 0.06613124627687886, -0.06642027056906452, 0.7213444911981244, 0.6893841256336348, -0.08811198279779058, 0.0, 0.0, 0.0, 1.0], "fov": 75.0, "aspect": 1.7777777777777777}, {"camera_to_world": [-0.16110334058630316, -0.6884840821449123, 0.7071317997976129, 0.9454945938305395, 0.9845969917043844, -0.06280321639321451, 0.16317021767878892, 0.07537962916668349, -0.06792994611075376, 0.7225271099714838, 0.6879971640767463, -0.09038879824575326, 0.0, 0.0, 0.0, 1.0], "fov": 75.0, "aspect": 1.7777777777777777}, {"camera_to_world": [-0.17039196021469227, -0.6867545579751764, 0.7066362267776225, 0.9432508984909056, 0.9829289127477923, -0.06794707170144043, 0.17097937867369495, 0.08459026080893393, -0.06940700525622945, 0.7237066895832317, 0.686608545733187, -0.09265218047237452, 0.0, 0.0, 0.0, 1.0], "fov": 75.0, "aspect": 1.7777777777777777}, {"camera_to_world": [-0.17954510660783707, -0.6849937127735537, 0.7060787265977375, 0.9410130411047992, 0.9811949930335488, -0.07300102297553868, 0.17868194170206142, 0.09375970927203434, -0.07085153730918226, 0.7248823794969961, 0.685219377685496, -0.09490090827571421, 0.0, 0.0, 0.0, 1.0], "fov": 75.0, "aspect": 1.7777777777777777}, {"camera_to_world": [-0.1885628906379857, -0.683204120026009, 0.7054616691598024, 0.9387815081683483, 0.979398795801679, -0.07796587037100688, 0.18627753981495704, 0.10288454262438891, -0.07226364962046039, 0.7260533406277934, 0.6838307623284821, -0.09713376045383224, 0.0, 0.0, 0.0, 1.0], "fov": 75.0, "aspect": 1.7777777777777777}, {"camera_to_world": [-0.19744547560078984, -0.681388306569051, 0.7047873862632184, 0.9365567861776795, 0.9775438220210119, -0.08284245366015464, 0.19376584812633396, 0.11196132893440176, -0.0736434667389465, 0.72721874531844, 0.6824437971468006, -0.09934951580478846, 0.0, 0.0, 0.0, 1.0], "fov": 75.0, "aspect": 1.7777777777777777}, {"camera_to_world": [-0.2061930749347114, -0.6795487527742647, 0.7040581712130826, 0.9343393616289205, 0.9756335102560858, -0.08763165033764275, 0.20114658218446002, 0.12098663627047712, -0.07499112957115095, 0.7283777772983212, 0.6810595745040225, -0.10154695312664275, 0.0, 0.0, 0.0, 1.0], "fov": 75.0, "aspect": 1.7777777777777777}, {"camera_to_world": [-0.21480594998741287, -0.6776878927667376, 0.7032762784620166, 0.9321297210181985, 0.9736712365863287, -0.09233437376416198, 0.20841949636737334, 0.12995703270101908, -0.07630679454972922, 0.7295296316250347, 0.6796791814426764, -0.10372485121745496, 0.0, 0.0, 0.0, 1.0], "fov": 75.0, "aspect": 1.7777777777777777}, {"camera_to_world": [-0.22328440782925363, -0.6758081146756271, 0.7024439232842106, 0.929928350841641, 0.9716603145751662, -0.09695157134813726, 0.21558438230265214, 0.13886908629443184, -0.07759063281111034, 0.7306735146094332, 0.6783036994947543, -0.10588198887528497, 0.0, 0.0, 0.0, 1.0], "fov": 75.0, "aspect": 1.7777777777777777}, {"camera_to_world": [-0.23162879911391676, -0.6739117609151342, 0.7015632814802297, 0.9277357375953749, 0.9696039952867472, -0.10148422276526914, 0.22264106731173106, 0.14771936511911957, -0.07884282938240078, 0.7318086437245684, 0.6769342045021697, -0.10801714489819265, 0.0, 0.0, 0.0, 1.0], "fov": 75.0, "aspect": 1.7777777777777777}, {"camera_to_world": [-0.23983951598615327, -0.6720011284942164, 0.7006364891111704, 0.925552367775528, 0.967505467348053, -0.10593333821569384, 0.22958941287895823, 0.15650443724348645, -0.08006358237771449, 0.7329342474990366, 0.6755717664466656, -0.1101290980842379, 0.0, 0.0, 0.0, 1.0], "fov": 75.0, "aspect": 1.7777777777777777}, {"camera_to_world": [-0.24791699003660272, -0.6700784693534004, 0.6996656422607839, 0.9233787278782273, 0.9653678570541947, -0.11029995671851922, 0.23642931314556773, 0.16522087073593658, -0.0812531022040584, 0.7340495653952102, 0.6742174492886699, -0.11221662723148056, 0.0, 0.0, 0.0, 1.0], "fov": 75.0, "aspect": 1.7777777777777777}, {"camera_to_world": [-0.255861690303572, -0.6681459907271059, 0.6986527968242121, 0.9212153043996001, 0.9631942285147683, -0.11458514444344026, 0.2431606934286808, 0.17386523366487422, -0.08241161077688042, 0.7351538476728328, 0.6728723108146073, -0.11427851113798052, 0.0, 0.0, 0.0, 1.0], "fov": 75.0, "aspect": 1.7777777777777777}, {"camera_to_world": [-0.26367412132164103, -0.6662058555299342, 0.697599968322024, 0.919062583835774, 0.9609875838391917, -0.11878999307912008, 0.24978350876544095, 0.18243409409870343, -0.08353934074538166, 0.7362463552384425, 0.671537402492174, -0.1163135286017976, 0.0, 0.0, 0.0, 1.0], "fov": 75.0, "aspect": 1.7777777777777777}, {"camera_to_world": [-0.27135482121691723, -0.6642601827654165, 0.6965091317382639, 0.9169210526828759, 0.9587508633589995, -0.12291561823799202, 0.2562977424823427, 0.1909240201058284, -0.08463653472766891, 0.7373263594810832, 0.6702137693330872, -0.11832045842099174, 0.0, 0.0, 0.0, 1.0], "fov": 75.0, "aspect": 1.7777777777777777}, {"camera_to_world": [-0.2789043598487093, -0.6623110479557553, 0.6953822213812569, 0.9147911974370334, 0.9564869458851234, -0.12696315789709023, 0.26270340478978965, 0.19933157975465332, -0.08570344455581291, 0.7383931420947436, 0.668902449762834, -0.12029807939362276, 0.0, 0.0, 0.0, 1.0], "fov": 75.0, "aspect": 1.7777777777777777}, {"camera_to_world": [-0.2863233369973839, -0.6603604835911372, 0.6942211307659555, 0.9126735045943738, 0.9541986489982468, -0.13093377087452296, 0.2690005314018889, 0.20765334111358244, -0.0867403305308625, 0.7394459948879684, 0.6676044754969362, -0.12224517031775055, 0.0, 0.0, 0.0, 1.0], "fov": 75.0, "aspect": 1.7777777777777777}, {"camera_to_world": [-0.2936123805981241, -0.6584104795972354, 0.6930277125166358, 0.9105684606510245, 0.9518887293703691, -0.13482863534115275, 0.2751891821814709, 0.2158858722510198, -0.08774746068785444, 0.7404842195810664, 0.66632087142326, -0.12416050999143499, 0.0, 0.0, 0.0, 1.0], "fov": 75.0, "aspect": 1.7777777777777777}, {"camera_to_world": [-0.30077214502026695, -0.6564629838195535, 0.6918037782887831, 0.9084765521031123, 0.9495598831157643, -0.13864894736702627, 0.2812694398102843, 0.22402574123536959, -0.08872511007084205, 0.7415071275913293, 0.6650526554899039, -0.12604287721273597, 0.0, 0.0, 0.0, 1.0], "fov": 75.0, "aspect": 1.7777777777777777}, {"camera_to_world": [-0.30780330939189593, -0.6545199025233088, 0.6905510987090493, 0.9063982654467653, 0.9472147461695806, -0.1423959195020914, 0.2872414084843111, 0.23206951613503599, -0.08967356001795462, 0.7425140398066774, 0.6638008385982004, -0.1278910507797133, 0.0, 0.0, 0.0, 1.0], "fov": 75.0, "aspect": 1.7777777777777777}, {"camera_to_world": [-0.31470657596932017, -0.652583100907584, 0.6892714033321767, 0.9043340871781103, 0.9448558946923622, -0.14607077939069957, 0.2931052126341136, 0.24001376501842314, -0.09059309745649419, 0.7435042863481254, 0.6625664245003688, -0.1297038094904269, 0.0, 0.0, 0.0, 1.0], "fov": 75.0, "aspect": 1.7777777777777777}, {"camera_to_world": [-0.32148266855106367, -0.650654403632517, 0.6879663806138357, 0.9022845037932745, 0.9424858454988423, -0.14967476841939387, 0.2988609956701169, 0.2478550559539352, -0.09148401420805585, 0.7444772063214662, 0.6613504097013665, -0.1314799321429366, 0.0, 0.0, 0.0, 1.0], "fov": 75.0, "aspect": 1.7777777777777777}, {"camera_to_world": [-0.3281323309359432, -0.6487355953583306, 0.6866376778983349, 0.9002500017883858, 0.9401070565093862, -0.15320914039743572, 0.30450891875269737, 0.25558995700997644, -0.09234660630365754, 0.7454321475585498, 0.6601537833644868, -0.13321819753530234, 0.0, 0.0, 0.0, 1.0], "fov": 75.0, "aspect": 1.7777777777777777}, {"camera_to_world": [-0.3346563254248337, -0.6468284212950468, 0.6852869014202045, 0.8982310676595707, 0.9377219272225288, -0.1566751602695512, 0.31004915958695456, 0.26321503625495096, -0.09318117330885106, 0.7463684663485375, 0.658977527220252, -0.1349173844655839, 0.0, 0.0, 0.0, 1.0], "fov": 75.0, "aspect": 1.7777777777777777}, {"camera_to_world": [-0.34105543136566074, -0.6449345877617536, 0.6839156163186804, 0.8962281879029573, 0.9353327992070826, -0.16007410286031798, 0.3154819112420044, 0.2707268617572628, -0.09398801765877818, 0.7472855271594931, 0.6578226154781635, -0.13657627173184123, 0.0, 0.0, 0.0, 1.0], "fov": 75.0, "aspect": 1.7777777777777777}, {"camera_to_world": [-0.3473304437411707, -0.6430557627543325, 0.6825253466641404, 0.8942418490146725, 0.9329419566123476, -0.1634072516496311, 0.3208073809946377, 0.27812200158531636, -0.09476744400312753, 0.7481827023506744, 0.6566900147408641, -0.13819363813213414, 0.0, 0.0, 0.0, 1.0], "fov": 75.0, "aspect": 1.7777777777777777}, {"camera_to_world": [-0.3534821717990073, -0.6411935765205918, 0.6811175754955888, 0.8922725374908438, 0.9305516266950029, -0.16667589757866486, 0.32602578919715886, 0.2853970238075155, -0.09551975856094352, 0.7490593718758737, 0.6555806839202789, -0.13976826246452254, 0.0, 0.0, 0.0, 1.0], "fov": 75.0, "aspect": 1.7777777777777777}, {"camera_to_world": [-0.3595114377236157, -0.6393496221417666, 0.6796937448682889, 0.8903207398275981, 0.928163980361285, -0.16988133788573256, 0.3311373681692379, 0.2925484964922648, -0.09624526848523252, 0.749914922978156, 0.6544955741552969, -0.1412989235270663, 0.0, 0.0, 0.0, 1.0], "fov": 75.0, "aspect": 1.7777777777777777}, {"camera_to_world": [-0.3654190753494715, -0.637525456119399, 0.6782552559107007, 0.8883869425210633, 0.9257811327231305, -0.17302487497144659, 0.33614236111355167, 0.29957298770796803, -0.09694428123729343, 0.7507487498763272, 0.653435628730571, -0.14278440011782528, 0.0, 0.0, 0.0, 1.0], "fov": 75.0, "aspect": 1.7777777777777777}, {"camera_to_world": [-0.37120592891513293, -0.6357225989666215, 0.6768034688898823, 0.8864716320673663, 0.9234051436669739, -0.17610781529255737, 0.3410410210550312, 0.3064670655230296, -0.09761710397071338, 0.7515602534434662, 0.6524017829960032, -0.14422347103485939, 0.0, 0.0, 0.0, 1.0], "fov": 75.0, "aspect": 1.7777777777777777}, {"camera_to_world": [-0.3768728518576211, -0.6339425358029099, 0.675339703284562, 0.8845752949626347, 0.9210380184339554, -0.17913146828386517, 0.3458336098035004, 0.3132272980058535, -0.09826404292495178, 0.7523488408778491, 0.6513949642864919, -0.1456149150762284, 0.0, 0.0, 0.0, 1.0], "fov": 75.0, "aspect": 1.7777777777777777}, {"camera_to_world": [-0.3824207056465776, -0.6321867169513941, 0.6738652378651029, 0.8826984177029956, 0.9186817082103208, -0.1820971453075595, 0.35052039693947146, 0.31985025322484406, -0.09888540282842917, 0.753113925366578, 0.6504160918415256, -0.14695751103999227, 0.0, 0.0, 0.0, 1.0], "fov": 75.0, "aspect": 1.7777777777777777}, {"camera_to_world": [-0.38785035865771356, -0.6304565585378418, 0.6723813107796082, 0.8808414867845762, 0.9163381107268366, -0.18500615862937309, 0.3551016588228998, 0.32633249924840535, -0.0994814863110462, 0.7538549257422308, 0.6494660767241973, -0.14825003772421083, 0.0, 0.0, 0.0, 1.0], "fov": 75.0, "aspect": 1.7777777777777777}, {"camera_to_world": [-0.39316268508498653, -0.6287534430904618, 0.6708891196454552, 0.8790049887035043, 0.9140090708660928, -0.1878598204208931, 0.3595776776246435, 0.33267060414494154, -0.10005259332604055, 0.7545712661328416, 0.648545821739231, -0.14949127392694397, 0.0, 0.0, 0.0, 1.0], "fov": 75.0, "aspect": 1.7777777777777777}, {"camera_to_world": [-0.3983585638910052, -0.6270787201396927, 0.6693898216455505, 0.8771894099559064, 0.9116963812765858, -0.19065944178740746, 0.36394874038041863, 0.3388611359828568, -0.10059902058109355, 0.755262375605511, 0.6476562213496022, -0.15067999844625155, 0.0, 0.0, 0.0, 1.0], "fov": 75.0, "aspect": 1.7777777777777777}, {"camera_to_world": [-0.4034388777950988, -0.625433706817176, 0.6678845336286492, 0.8753952370379109, 0.9094017829925307, -0.19340633182061917, 0.36821513806699846, 0.3449006628305552, -0.10112106097859913, 0.7559276878039456, 0.6467981615913445, -0.15181499008019345, 0.0, 0.0, 0.0, 1.0], "fov": 75.0, "aspect": 1.7777777777777777}, {"camera_to_world": [-0.4084045122985557, -0.6238196884531233, 0.6663743322130797, 0.873622956445644, 0.9071269660583661, -0.1961017966756089, 0.37237716470044546, 0.3507857527564412, -0.10161900306499533, 0.7565666405802247, 0.6459725199861289, -0.15289502762682955, 0.0, 0.0, 0.0, 1.0], "fov": 75.0, "aspect": 1.7777777777777777}, {"camera_to_world": [-0.41325635474643385, -0.6222379191713314, 0.6648602538932691, 0.871873054675234, 0.904873570156977, -0.19874713867135374, 0.3764351164560993, 0.3565129738289186, -0.10209313048906427, 0.757178675621073, 0.6451801654512179, -0.1539188898842197, 0.0, 0.0, 0.0, 1.0], "fov": 75.0, "aspect": 1.7777777777777777}, {"camera_to_world": [-0.41799529342548913, -0.6206896224810968, 0.6633432951484572, 0.8701460182228076, 0.9026431852406606, -0.20134365541419896, 0.3803892908101426, 0.3620788941163918, -0.10254372146910934, 0.7577632380689382, 0.6444219582063786, -0.15488535565042377, 0.0, 0.0, 0.0, 1.0], "fov": 75.0, "aspect": 1.7777777777777777}, {"camera_to_world": [-0.4226222166976218, -0.6191759918653228, 0.6618244125530445, 0.8684423335844922, 0.9004373521639315, -0.20389263894359422, 0.3842399857024584, 0.367480081687265, -0.10297104826890302, 0.7583197761381482, 0.6436987496773566, -0.15579320372350164, 0.0, 0.0, 0.0, 1.0], "fov": 75.0, "aspect": 1.7777777777777777}, {"camera_to_world": [-0.4271380121683397, -0.6176981913641267, 0.6603045228880131, 0.8667624872564155, 0.8982575633172648, -0.2063953748994527, 0.3879874987205708, 0.3727131046099421, -0.10337537668231234, 0.7588477407264264, 0.643011382395513, -0.1566412129015132, 0.0, 0.0, 0.0, 1.0], "fov": 75.0, "aspect": 1.7777777777777777}, {"camera_to_world": [-0.43154356588971743, -0.616257356153265, 0.6587845032529038, 0.865106965734704, 0.8961052632609178, -0.20885314171048797, 0.3916321263044445, 0.37777453095282754, -0.10375696552650643, 0.7593465850220484, 0.6423606898932129, -0.15742816198251827, 0.0, 0.0, 0.0, 1.0], "fov": 75.0, "aspect": 1.7777777777777777}, {"camera_to_world": [-0.43583976159731597, -0.6148545931167336, 0.6572651911778461, 0.8634762555154858, 0.8939818493580097, -0.2112672098028675, 0.39517416297190266, 0.38266092878432534, -0.1041160661436431, 0.7598157641069098, 0.6417474965945761, -0.1581528297645768, 0.0, 0.0, 0.0, 1.0], "fov": 75.0, "aspect": 1.7777777777777777}, {"camera_to_world": [-0.4400274799805448, -0.6134909814129009, 0.6557473847351638, 0.8618708430948878, 0.891888672406057, -0.21363884082853923, 0.3986139005644427, 0.38736886617283967, -0.10445292191093797, 0.7602547345557762, 0.641172617701188, -0.15881399504574858, 0.0, 0.0, 0.0, 1.0], "fov": 75.0, "aspect": 1.7777777777777777}, {"camera_to_world": [-0.44410759798596267, -0.6121675730335562, 0.654231842650099, 0.8602912149690377, 0.8898270372661917, -0.215969286912575, 0.4019516275132432, 0.3918949111867747, -0.10476776775902807, 0.7606629540319939, 0.6406368590723694, -0.15941043662409352, 0.0, 0.0, 0.0, 1.0], "fov": 75.0, "aspect": 1.7777777777777777}, {"camera_to_world": [-0.4480809881530111, -0.6108853933552761, 0.6527192844102214, 0.8587378576340623, 0.8877982034893289, -0.21825978991890538, 0.4051876281251395, 0.39623563189453465, -0.1050608296985242, 0.7610398808799219, 0.6401410170996172, -0.15994093329767148, 0.0, 0.0, 0.0, 1.0], "fov": 75.0, "aspect": 1.7777777777777777}, {"camera_to_world": [-0.451948517981658, -0.609645441682525, 0.6512103903731125, 0.8572112575860894, 0.8858033859385641, -0.2205115807337683, 0.4083221818883584, 0.4003875963645237, -0.1053323243546711, 0.7613849737143579, 0.6396858785748119, -0.16040426386454235, 0.0, 0.0, 0.0, 1.0], "fov": 75.0, "aspect": 1.7777777777777777}, {"camera_to_world": [-0.45571104933151174, -0.6084486917819144, 0.6497058018719316, 0.8557119013212457, 0.8838437554071154, -0.22272587856628334, 0.41135556279783625, 0.404347372665146, -0.10558245851001902, 0.7616976910072357, 0.6392722205517973, -0.160799207122766, 0.0, 0.0, 0.0, 1.0], "fov": 75.0, "aspect": 1.7777777777777777}, {"camera_to_world": [-0.4593694378518307, -0.6072960924070819, 0.6482061213185069, 0.8542402753356593, 0.8819204392311574, -0.224903890265449, 0.41428803869987596, 0.4081115288648055, -0.10581142865501902, 0.7619774906718417, 0.6389008102009477, -0.16112454187040223, 0.0, 0.0, 0.0, 1.0], "fov": 75.0, "aspect": 1.7777777777777777}, {"camera_to_world": [-0.46292453244207876, -0.6061885678136296, 0.6467119123035725, 0.8527968661254569, 0.8800345218968826, -0.22704680965301516, 0.41711987065604184, 0.41167663303190666, -0.10601942054646596, 0.7622238296448415, 0.638572404656311, -0.16137904690551103, 0.0, 0.0, 0.0, 1.0], "fov": 75.0, "aspect": 1.7777777777777777}, {"camera_to_world": [-0.4663771747424159, -0.6051270182636247, 0.6452236996938789, 0.8513821601867664, 0.8781870456412307, -0.2291558168715171, 0.4198513123260123, 0.4150392532348534, -0.10620660877369642, 0.7624361634663734, 0.6382877508549483, -0.1615615010261522, 0.0, 0.0, 0.0, 1.0], "fov": 75.0, "aspect": 1.7777777777777777}, {"camera_to_world": [-0.4698661757986967, -0.6040817190074224, 0.6436699881160733, 0.849925994237202, 0.8763046381637833, -0.23132810393945247, 0.4225842986439732, 0.4183404522569984, -0.1063764916367761, 0.7626090643893604, 0.6380528637489493, -0.16164765469426318, 0.0, 0.0, 0.0, 1.0], "fov": 75.0, "aspect": 1.7777777777777777}, {"camera_to_world": [-0.47352471755078496, -0.6030214690853856, 0.6419808795365738, 0.8483601362504329, 0.8743140659115781, -0.23365613263777973, 0.4254171198129207, 0.4217212700659136, -0.1065328870237447, 0.7627384345257946, 0.6378721066793299, -0.16161670479863413, 0.0, 0.0, 0.0, 1.0], "fov": 75.0, "aspect": 1.7777777777777777}, {"camera_to_world": [-0.4773451804195754, -0.6019449186955153, 0.6401592720463027, 0.8466879696066666, 0.8722165508723512, -0.2361339732017984, 0.42834452848644095, 0.4251782405063337, -0.10667645998317504, 0.7628257085052796, 0.637743734840944, -0.161472599777604, 0.0, 0.0, 0.0, 1.0], "fov": 75.0, "aspect": 1.7777777777777777}, {"camera_to_world": [-0.48131993349545277, -0.6008507039944904, 0.6382080798056843, 0.8449128776861107, 0.8700133300827446, -0.23875569078138226, 0.43136124721379254, 0.42870789742299253, -0.106807898108083, 0.7628723036189154, 0.6376659950733634, -0.16121928806951172, 0.0, 0.0, 0.0, 1.0], "fov": 75.0, "aspect": 1.7777777777777777}, {"camera_to_world": [-0.4854413400770079, -0.5997374592335242, 0.636130242431812, 0.8430382438689735, 0.8677056690189723, -0.2415153456996071, 0.4344619773282088, 0.4323067746606245, -0.10692790700549903, 0.7628796220792087, 0.6376371263655427, -0.16086071811269625, 0.0, 0.0, 0.0, 1.0], "fov": 75.0, "aspect": 1.7777777777777777}, {"camera_to_world": [-0.48970176321280223, -0.5986038284168594, 0.6339287339369873, 0.8410674515354621, 0.8652948743942664, -0.24440699384612863, 0.43764140766854887, 0.43597140606396395, -0.1070372059299155, 0.762849053197143, 0.6376553603498831, -0.16040083834549645, 0.0, 0.0, 0.0, 1.0], "fov": 75.0, "aspect": 1.7777777777777777}, {"camera_to_world": [-0.4940935712558705, -0.5974484764825876, 0.6316065712073105, 0.8390038840657846, 0.8627823063548608, -0.2474246872165875, 0.4408942231383413, 0.43969832547774484, -0.10713652357906595, 0.7627819754716345, 0.6377189217915549, -0.15984359720625135, 0.0, 0.0, 0.0, 1.0], "fov": 75.0, "aspect": 1.7777777777777777}, {"camera_to_world": [-0.4986091434376343, -0.5962701000052112, 0.6291668220115905, 0.8368509248401488, 0.8601693900672481, -0.25056247460683734, 0.44421511310426687, 0.4434840667467016, -0.10722659405076379, 0.7626797585872289, 0.6378260290781483, -0.15919294313329985, 0.0, 0.0, 0.0, 1.0], "fov": 75.0, "aspect": 1.7777777777777777}, {"camera_to_world": [-0.5032408754650086, -0.5950674374191103, 0.6266126125323881, 0.8346119572387625, 0.8574576266904204, -0.25381440246838494, 0.44759877963422623, 0.4473251637155685, -0.10730815295979829, 0.762543765316503, 0.6379748947139585, -0.15845282456498083, 0.0, 0.0, 0.0, 1.0], "fov": 75.0, "aspect": 1.7777777777777777}, {"camera_to_world": [-0.5079811851417154, -0.5938392787618695, 0.6239471344125248, 0.832290364641833, 0.8546486037277728, -0.25717451592914187, 0.4510399455733163, 0.45121815022907963, -0.10738193371413474, 0.7623753533241973, 0.6381637258224716, -0.15762718993963332, 0.0, 0.0, 0.0, 1.0], "fov": 75.0, "aspect": 1.7777777777777777}, {"camera_to_world": [-0.5128225180121947, -0.5925844749362531, 0.6211736513118995, 0.8298895304295684, 0.8517440047543688, -0.260636859981369, 0.45453336245433285, 0.45515956013196934, -0.10744866394991509, 0.7621758768706717, 0.6383907246599068, -0.1567199876955962, 0.0, 0.0, 0.0, 1.0], "fov": 75.0, "aspect": 1.7777777777777777}, {"camera_to_world": [-0.5177573530240487, -0.5913019464895116, 0.6182955049709207, 0.8274128379821766, 0.8487456185162544, -0.2641954808366339, 0.4580738182378041, 0.45914592726897163, -0.10750906212497452, 0.7619466884127883, 0.6386540891419968, -0.1557351662712084, 0.0, 0.0, 0.0, 1.0], "fov": 75.0, "aspect": 1.7777777777777777}, {"camera_to_world": [-0.5227782082025758, -0.5899906919086216, 0.6153161207783286, 0.8248636706798651, 0.8456553473995586, -0.26784442744556036, 0.46165614487504886, 0.463173785484821, -0.10756383427080224, 0.7616891401008328, 0.638952013385526, -0.15467667410480884, 0.0, 0.0, 0.0, 1.0], "fov": 75.0, "aspect": 1.7777777777777777}, {"camera_to_world": [-0.5278776463287917, -0.5886497954300742, 0.6122390128426206, 0.8222454119028416, 0.8424752152681654, -0.2715777531782869, 0.4652752256863584, 0.4672396686242516, -0.10761367090306506, 0.7614045851705682, 0.6392826882655291, -0.15354845963473654, 0.0, 0.0, 0.0, 1.0], "fov": 75.0, "aspect": 1.7777777777777777}, {"camera_to_world": [-0.5330482806102836, -0.5872784343628488, 0.6090677885676945, 0.819561445031314, 0.839207374669801, -0.2753895176597553, 0.46892600254512184, 0.4713401105319977, -0.10765924409097721, 0.7610943792299669, 0.6396443019884652, -0.15235447129933036, 0.0, 0.0, 0.0, 1.0], "fov": 75.0, "aspect": 1.7777777777777777}, {"camera_to_world": [-0.5382827803323216, -0.5858758859233257, 0.6058061527347376, 0.8168151534454899, 0.835854113411485, -0.27927378875224185, 0.472603482857531, 0.4754716450527933, -0.10770120468595584, 0.7607598814406071, 0.6400350406811077, -0.15109865753692925, 0.0, 0.0, 0.0, 1.0], "fov": 75.0, "aspect": 1.7777777777777777}, {"camera_to_world": [-0.5435738764749409, -0.5844415335810402, 0.6024579110937525, 0.8140099205255774, 0.8324178605063903, -0.2832246446759942, 0.4763027463264524, 0.479630806031373, -0.10774017971012334, 0.7604024555941407, 0.6404530889943707, -0.14978496678587216, 0.0, 0.0, 0.0, 1.0], "fov": 75.0, "aspect": 1.7777777777777777}, {"camera_to_world": [-0.5489143672800759, -0.5829748729143902, 0.5990269734694464, 0.8111491296517839, 0.8289011914952762, -0.2872361762573329, 0.4800189514871033, 0.4838141273124708, -0.10777676990532631, 0.760023471084622, 0.6408966307207873, -0.148417347484498, 0.0, 0.0, 0.0, 1.0], "fov": 75.0, "aspect": 1.7777777777777777}, {"camera_to_world": [-0.5542971237513998, -0.5814755169756685, 0.5955173563875411, 0.8082361642043173, 0.8253068331467881, -0.2913024892922256, 0.4837473420013524, 0.48801814274082095, -0.10781154744342586, 0.7596243037778826, 0.6413638494238831, -0.1469997480711457, 0.0, 0.0, 0.0, 1.0], "fov": 75.0, "aspect": 1.7777777777777777}, {"camera_to_world": [-0.5597150950682169, -0.5799432011651066, 0.5919331852288279, 0.8052744075633852, 0.821637667542049, -0.2954177070120717, 0.48748325269673753, 0.49223938616115764, -0.10784505379867232, 0.7592063367794678, 0.6418529290772637, -0.14553611698415425, 0.0, 0.0, 0.0, 1.0], "fov": 75.0, "aspect": 1.7777777777777777}, {"camera_to_world": [-0.5651613138936147, -0.5783777876139686, 0.5882786959195572, 0.8022672431091955, 0.817896735550111, -0.29957597263728974, 0.49122211533571475, 0.49647439141821526, -0.10787779778302681, 0.7587709611030151, 0.642362054710808, -0.14403040266186257, 0.0, 0.0, 0.0, 1.0], "fov": 75.0, "aspect": 1.7777777777777777}, {"camera_to_world": [-0.5706289015560686, -0.5767792690771323, 0.5845582361679318, 0.7992180542219559, 0.8140872397019492, -0.30377145200324396, 0.49495946410014424, 0.5007196923567279, -0.10791025374530241, 0.7583195762412374, 0.6428894130610137, -0.14248655354260953, 0.0, 0.0, 0.0, 1.0], "fov": 75.0, "aspect": 1.7777777777777777}, {"camera_to_world": [-0.5761110730828725, -0.5751477723360414, 0.5807762662576619, 0.7961302242818742, 0.8102125464718211, -0.30799833624214046, 0.4986909407756681, 0.5049718228214298, -0.10794285993500805, 0.7578535906419939, 0.643433193222178, -0.14090851806473415, 0.0, 0.0, 0.0, 1.0], "fov": 75.0, "aspect": 1.7777777777777777}, {"camera_to_world": [-0.581601142063028, -0.5734835611133734, 0.5769373594106261, 0.793007136669158, 0.8062761879758943, -0.31225084450366114, 0.5024122996203532, 0.5092273166570553, -0.10797601703175905, 0.7573744220921873, 0.6439915872948052, -0.13930024466657528, 0.0, 0.0, 0.0, 1.0], "fov": 75.0, "aspect": 1.7777777777777777}, {"camera_to_world": [-0.5870925253167014, -0.5717870385012801, 0.5730462017317575, 0.7898521747640154, 0.802281863099149, -0.3165232266964326, 0.5061194119018131, 0.5134827077083386, -0.10801008684107666, 0.7568834980124843, 0.644562791027351, -0.13766568178647196, 0.0, 0.0, 0.0, 1.0], "fov": 75.0, "aspect": 1.7777777777777777}, {"camera_to_world": [-0.5925787473479216, -0.5700587489055775, 0.5691075917502568, 0.7866687219466537, 0.79823343806259, -0.32080976623179747, 0.5098082700869788, 0.5177345298200138, -0.108045391157359, 0.7563822556660806, 0.6451450044471749, -0.13600877786276305, 0.0, 0.0, 0.0, 1.0], "fov": 75.0, "aspect": 1.7777777777777777}, {"camera_to_world": [-0.5980534445569112, -0.5682993795088026, 0.5651264395721745, 0.7834601615972809, 0.7941349464438244, -0.3251047827508641, 0.5134749916687052, 0.5219793168368152, -0.10808221079473154, 0.7558721422849387, 0.6457364324763629, -0.13433348133378747, 0.0, 0.0, 0.0, 1.0], "fov": 75.0, "aspect": 1.7777777777777777}, {"camera_to_world": [-0.603510369188333, -0.5665097612556282, 0.5611077656602632, 0.7802298770961047, 0.7899905886650376, -0.3294026348154596, 0.5171158226135613, 0.5262136026034773, -0.1081207847864103, 0.7553546151171142, 0.6463352855279115, -0.1326437406378842, 0.0, 0.0, 0.0, 1.0], "fov": 75.0, "aspect": 1.7777777777777777}, {"camera_to_world": [-0.6089433929916772, -0.564690869364659, 0.557056699257777, 0.776981251823333, 0.7858047309632804, -0.33369772254328434, 0.5207271404153541, 0.5304339209647339, -0.10816130975311969, 0.7548311413989296, 0.6469397800776195, -0.1309435042133922, 0.0, 0.0, 0.0, 1.0], "fov": 75.0, "aspect": 1.7777777777777777}, {"camera_to_world": [-0.6143465105701889, -0.5628438233712301, 0.5529784764736223, 0.7737176691591733, 0.7815819038588849, -0.3379844901674577, 0.5243054567392604, 0.5346368057653194, -0.10820393944100976, 0.754303198255913, 0.6475481392069219, -0.12923672049865037, 0.0, 0.0, 0.0, 1.0], "fov": 75.0, "aspect": 1.7777777777777777}, {"camera_to_world": [-0.6197138423949307, -0.5609698867063635, 0.5488784380468595, 0.7704425124838334, 0.7773268001385687, -0.3422574285005424, 0.5278474196418216, 0.538818790849968, -0.10824878442940644, 0.7537722725365038, 0.6481585931118328, -0.1275273379319976, 0.0, 0.0, 0.0, 1.0], "fov": 75.0, "aspect": 1.7777777777777777}, {"camera_to_world": [-0.6250396374609783, -0.5590704658175849, 0.5447620268090989, 0.7671591651775213, 0.7730442723705224, -0.3465110772832083, 0.5313498153525226, 0.542976410063414, -0.10829591200861763, 0.7532398605826295, 0.6487693795731135, -0.1258193049517729, 0.0, 0.0, 0.0, 1.0], "fov": 75.0, "aspect": 1.7777777777777777}, {"camera_to_world": [-0.6303182755631838, -0.5571471088378405, 0.5406347848637653, 0.7638710106204444, 0.7687393299694053, -0.3507400273978222, 0.5348095696032045, 0.5471061972503917, -0.10834534622790246, 0.7527074679413048, 0.6493787443827719, -0.12411656999631515, 0.0, 0.0, 0.0, 1.0], "fov": 75.0, "aspect": 1.7777777777777777}, {"camera_to_world": [-0.6355442691695763, -0.5552015038092396, 0.536502350501532, 0.7605814321928106, 0.7644171358297039, -0.35493892292753726, 0.5382237484921604, 0.5512046862556355, -0.10839706811358768, 0.7521766090214446, 0.6499849417220211, -0.12242308150396333, 0.0, 0.0, 0.0, 1.0], "fov": 75.0, "aspect": 1.7777777777777777}, {"camera_to_world": [-0.6407122648710916, -0.5532354764688315, 0.5323704548714745, 0.7572938132748279, 0.7600830025463777, -0.3591024630417564, 0.541589558870393, 0.5552684109238789, -0.10845101605719926, 0.7516488067000762, 0.650586234485877, -0.12074278791305637, 0.0, 0.0, 0.0, 1.0], "fov": 75.0, "aspect": 1.7777777777777777}, {"camera_to_world": [-0.6458170443871942, -0.5512509876040403, 0.5282449184275785, 0.7540115372467036, 0.7557423882420202, -0.3632254036893563, 0.5449043482382497, 0.5592939050998569, -0.10850708637336284, 0.7511255918821261, 0.6511808945496553, -0.11907963766193315, 0.0, 0.0, 0.0, 1.0], "fov": 75.0, "aspect": 1.7777777777777777}, {"camera_to_world": [-0.65085352510772, -0.5492501299857893, 0.5241316471702961, 0.7507379874886457, 0.7514008920200523, -0.36730255908151765, 0.5481656041413375, 0.5632777026283033, -0.10856513402710749, 0.7506085030178925, 0.6517672029727444, -0.11743757918893269, 0.0, 0.0, 0.0, 1.0], "fov": 75.0, "aspect": 1.7777777777777777}, {"camera_to_world": [-0.6558167601523496, -0.5472351248876639, 0.5200366287026896, 0.747476547380862, 0.7470642490635324, -0.37132880294673687, 0.5513709530554582, 0.5672163373539526, -0.10862497353010753, 0.7500990855822496, 0.6523434501351697, -0.11582056093239386, 0.0, 0.0, 0.0, 1.0], "fov": 75.0, "aspect": 1.7777777777777777}, {"camera_to_world": [-0.6607019379300522, -0.5452083181997632, 0.5159659281205098, 0.7442306003035601, 0.7427383253992071, -0.37529906954122927, 0.5545181587510628, 0.5711063431215389, -0.10868638000529213, 0.7495988915195066, 0.6529079358026461, -0.11423253133065565, 0.0, 0.0, 0.0, 1.0], "fov": 75.0, "aspect": 1.7777777777777777}, {"camera_to_wor